17428.000000	15937.000000
6092.000000	18054.000000
16351.000000	7383.000000
5278.000000	15202.000000
9363.000000	21386.000000
16740.000000	18549.000000
19205.000000	14752.000000
7328.000000	14018.000000
14827.000000	19495.000000
6102.000000	12828.000000
12259.000000	5475.000000
14294.000000	12368.000000
18267.000000	5011.000000
15919.000000	19497.000000
11550.000000	19964.000000
19628.000000	7389.000000
18538.000000	5962.000000
13052.000000	19730.000000
18941.000000	9526.000000
12651.000000	14740.000000
5134.000000	19240.000000
6098.000000	14728.000000
17828.000000	20926.000000
10073.000000	6421.000000
5559.000000	10926.000000
20168.000000	10241.000000
6499.000000	19718.000000
10869.000000	18775.000000
11009.000000	17113.000000
11978.000000	9750.000000
7063.000000	9741.000000
17991.000000	6436.000000
7188.000000	16156.000000
10619.000000	6422.000000
5556.000000	12827.000000
16338.000000	14509.000000
16612.000000	14035.000000
15532.000000	7381.000000
19211.000000	11427.000000
12924.000000	15216.000000
17980.000000	12612.000000
14286.000000	16644.000000
15373.000000	19496.000000
11150.000000	14500.000000
17290.000000	16649.000000
18669.000000	9050.000000
6793.000000	7841.000000
12938.000000	7139.000000
5823.000000	15678.000000
10472.000000	11886.000000
10895.000000	4522.000000
11427.000000	12125.000000
15259.000000	7381.000000
16346.000000	10234.000000
19209.000000	12377.000000
7732.000000	17107.000000
6116.000000	5226.000000
19764.000000	7627.000000
15808.000000	5482.000000
8009.000000	15207.000000
9246.000000	10696.000000
8549.000000	18534.000000
6924.000000	10929.000000
16198.000000	16172.000000
12394.000000	6188.000000
6371.000000	14729.000000
8163.000000	5468.000000
7730.000000	18057.000000
12664.000000	7614.000000
7743.000000	10930.000000
18930.000000	15702.000000
17028.000000	10472.000000
18944.000000	8100.000000
6635.000000	19955.000000
10595.000000	19250.000000
6785.000000	12592.000000
16081.000000	5482.000000
4997.000000	19477.000000
7613.000000	7367.000000
8842.000000	7607.000000
5411.000000	17340.000000
9365.000000	19960.000000
18926.000000	17602.000000
11546.000000	21865.000000
16613.000000	13560.000000
13077.000000	5952.000000
13070.000000	9752.000000
16064.000000	14984.000000
12256.000000	6900.000000
14692.000000	18782.000000
19618.000000	12615.000000
12784.000000	16879.000000
16077.000000	7858.000000
13467.000000	16642.000000
10753.000000	7610.000000
13889.000000	9754.000000
17714.000000	8811.000000
6524.000000	5940.000000
10731.000000	19963.000000
12388.000000	9514.000000
16334.000000	16885.000000
16062.000000	15934.000000
8828.000000	15208.000000
9237.000000	15447.000000
8974.000000	9745.000000
18373.000000	21402.000000
14851.000000	6192.000000
13611.000000	12604.000000
18931.000000	15227.000000
11828.000000	17114.000000
9514.000000	13072.000000
16058.000000	18310.000000
16079.000000	6907.000000
7205.000000	6654.000000
16205.000000	12371.000000
18674.000000	6199.000000
12527.000000	7851.000000
12526.000000	8801.000000
10210.000000	5709.000000
5973.000000	8314.000000
7197.000000	10929.000000
6248.000000	7364.000000
10211.000000	5234.000000
6931.000000	7128.000000
19058.000000	20216.000000
10870.000000	18300.000000
7208.000000	5228.000000
12792.000000	12603.000000
7198.000000	10454.000000
14021.000000	12367.000000
7466.000000	13306.000000
14430.000000	12606.000000
18379.000000	18077.000000
8823.000000	18059.000000
15800.000000	10233.000000
13464.000000	18068.000000
12921.000000	16641.000000
18111.000000	15701.000000
6636.000000	19480.000000
13461.000000	19968.000000
16763.000000	6196.000000
8277.000000	17583.000000
12786.000000	15928.000000
13475.000000	12366.000000
14558.000000	17594.000000
11304.000000	4761.000000
10065.000000	10697.000000
18388.000000	13325.000000
15390.000000	10469.000000
19615.000000	14040.000000
8701.000000	9744.000000
9791.000000	11172.000000
6363.000000	19005.000000
16073.000000	10233.000000
7047.000000	18293.000000
14571.000000	9993.000000
16065.000000	14509.000000
9932.000000	8559.000000
7742.000000	11881.000000
17293.000000	14749.000000
6919.000000	13780.000000
10050.000000	18774.000000
17703.000000	14512.000000
7189.000000	15681.000000
8545.000000	20434.000000
14423.000000	16406.000000
15104.000000	17595.000000
17715.000000	8336.000000
8146.000000	14970.000000
17967.000000	19739.000000
11850.000000	5237.000000
13051.000000	20205.000000
7604.000000	12593.000000
19192.000000	21879.000000
13215.000000	5239.000000
6108.000000	9502.000000
8546.000000	19959.000000
17144.000000	21638.000000
15244.000000	15458.000000
18675.000000	5724.000000
18670.000000	8575.000000
11281.000000	17588.000000
9254.000000	5945.000000
18384.000000	15701.000000
17301.000000	10473.000000
6512.000000	12591.000000
6662.000000	5227.000000
7999.000000	20433.000000
16880.000000	16886.000000
9935.000000	7134.000000
7070.000000	5941.000000
14292.000000	13318.000000
19069.000000	14039.000000
11712.000000	5949.000000
18374.000000	20927.000000
14826.000000	19970.000000
5686.000000	16390.000000
18530.000000	10238.000000
16070.000000	11658.000000
5550.000000	16153.000000
16355.000000	5007.000000
7599.000000	15444.000000
9930.000000	9509.000000
6384.000000	7602.000000
16211.000000	9521.000000
17302.000000	9998.000000
11568.000000	9987.000000
16758.000000	8571.000000
5695.000000	11164.000000
8294.000000	8556.000000
4724.000000	19477.000000
7186.000000	17106.000000
7864.000000	19720.000000
18239.000000	20214.000000
10333.000000	13548.000000
12509.000000	17828.000000
15938.000000	9520.000000
4725.000000	19002.000000
11414.000000	19727.000000
13871.000000	19731.000000
17421.000000	19263.000000
4723.000000	19952.000000
15942.000000	7145.000000
12666.000000	6664.000000
5680.000000	19241.000000
16739.000000	19024.000000
14697.000000	15932.000000
17583.000000	5722.000000
13340.000000	11653.000000
7610.000000	9267.000000
7060.000000	11167.000000
13742.000000	15693.000000
8563.000000	10932.000000
15375.000000	18546.000000
6236.000000	14016.000000
7877.000000	12594.000000
11987.000000	4524.000000
7731.000000	17582.000000
18811.000000	5962.000000
16745.000000	16173.000000
14707.000000	10706.000000
11159.000000	9749.000000
15792.000000	14509.000000
12255.000000	7375.000000
5682.000000	18291.000000
12639.000000	21392.000000
19484.000000	11427.000000
10340.000000	9747.000000
8840.000000	8557.000000
5817.000000	19479.000000
9384.000000	9983.000000
18660.000000	13801.000000
13204.000000	11416.000000
13214.000000	5714.000000
13205.000000	10465.000000
18516.000000	17839.000000
5837.000000	8076.000000
19198.000000	18078.000000
6778.000000	16392.000000
11303.000000	5711.000000
11438.000000	6424.000000
17014.000000	18074.000000
14441.000000	6429.000000
16464.000000	20449.000000
15378.000000	16646.000000
5415.000000	14965.000000
19762.000000	8577.000000
12116.000000	9038.000000
11282.000000	17113.000000
17431.000000	14036.000000
11970.000000	14026.000000
8557.000000	13783.000000
13759.000000	6190.000000
13625.000000	5002.000000
17705.000000	13562.000000
5432.000000	5938.000000
17008.000000	21400.000000
19217.000000	8101.000000
12670.000000	4763.000000
18533.000000	8812.000000
16738.000000	19499.000000
10206.000000	8084.000000
17965.000000	20689.000000
14148.000000	17356.000000
14579.000000	5717.000000
10883.000000	11174.000000
14277.000000	21870.000000
18114.000000	13800.000000
20033.000000	9528.000000
13879.000000	15455.000000
13352.000000	5002.000000
11031.000000	4760.000000
17582.000000	6197.000000
16336.000000	15460.000000
11153.000000	13075.000000
5143.000000	14489.000000
9240.000000	14021.000000
15252.000000	11182.000000
6926.000000	9979.000000
8559.000000	12832.000000
17150.000000	18312.000000
7457.000000	18532.000000
8272.000000	20434.000000
12373.000000	17590.000000
17160.000000	13086.000000
10059.000000	14023.000000
19604.000000	20217.000000
10871.000000	17825.000000
6249.000000	6889.000000
17010.000000	20450.000000
14971.000000	15457.000000
19215.000000	9051.000000
12392.000000	7138.000000
14443.000000	5479.000000
10756.000000	6185.000000
5001.000000	17577.000000
12644.000000	18541.000000
12522.000000	10702.000000
14278.000000	20920.000000
19608.000000	18316.000000
19883.000000	16892.000000
16068.000000	12609.000000
14287.000000	16169.000000
17976.000000	14512.000000
16883.000000	14986.000000
5546.000000	18053.000000
8822.000000	18534.000000
12396.000000	5238.000000
7598.000000	15919.000000
7606.000000	11643.000000
18933.000000	13802.000000
11413.000000	20202.000000
18108.000000	17126.000000
18800.000000	12138.000000
5543.000000	19478.000000
5961.000000	14966.000000
12534.000000	4050.000000
6787.000000	11641.000000
16190.000000	20923.000000
8138.000000	19246.000000
8162.000000	5943.000000
14578.000000	6192.000000
5960.000000	15916.000000
5274.000000	17577.000000
17710.000000	10711.000000
14436.000000	9280.000000
12114.000000	9988.000000
17434.000000	12611.000000
9378.000000	12834.000000
13076.000000	6427.000000
9913.000000	19011.000000
18394.000000	10000.000000
18676.000000	5249.000000
17425.000000	17362.000000
11837.000000	11888.000000
13184.000000	21868.000000
13483.000000	8090.000000
17418.000000	21163.000000
13216.000000	4764.000000
13198.000000	14266.000000
7738.000000	13781.000000
11974.000000	12126.000000
17164.000000	10710.000000
5282.000000	13302.000000
14581.000000	4767.000000
17281.000000	21400.000000
7203.000000	7604.000000
13737.000000	18543.000000
18261.000000	8337.000000
14284.000000	17594.000000
14015.000000	15693.000000
7754.000000	5229.000000
4999.000000	18527.000000
6917.000000	15205.000000
19623.000000	9764.000000
16736.000000	20924.000000
5268.000000	20903.000000
12530.000000	6426.000000
7862.000000	20670.000000
12657.000000	11890.000000
13323.000000	20680.000000
16749.000000	13798.000000
11988.000000	4049.000000
12117.000000	8088.000000
12926.000000	13791.000000
8831.000000	13308.000000
5290.000000	8550.000000
10893.000000	5948.000000
18937.000000	11901.000000
9505.000000	18298.000000
16465.000000	19498.000000
12801.000000	7376.000000
16900.000000	5959.000000
10183.000000	20912.000000
5817.000000	19004.000000
9110.000000	9983.000000
11143.000000	18301.000000
17701.000000	15937.000000
17853.000000	7148.000000
18252.000000	13088.000000
18928.000000	16652.000000
6500.000000	19243.000000
13621.000000	7378.000000
9096.000000	18060.000000
8026.000000	5705.000000
15239.000000	18308.000000
12933.000000	9990.000000
9390.000000	6182.000000
5816.000000	19954.000000
7456.000000	19007.000000
5824.000000	15203.000000
17708.000000	11661.000000
20307.000000	9053.000000
12919.000000	17591.000000
15781.000000	20685.000000
18649.000000	19977.000000
6643.000000	15680.000000
14157.000000	12605.000000
14154.000000	14030.000000
14988.000000	5955.000000
16737.000000	20449.000000
13065.000000	12603.000000
16196.000000	17597.000000
14835.000000	15219.000000
14444.000000	5004.000000
7590.000000	20195.000000
13074.000000	7852.000000
19754.000000	12853.000000
10728.000000	21388.000000
14160.000000	11180.000000
8837.000000	10457.000000
8434.000000	6418.000000
11018.000000	11887.000000
12248.000000	11176.000000
7750.000000	7130.000000
11577.000000	4761.000000
16489.000000	6671.000000
14148.000000	17831.000000
7887.000000	7367.000000
15795.000000	12608.000000
10607.000000	13074.000000
15791.000000	14984.000000
14560.000000	16169.000000
15102.000000	18546.000000
13751.000000	10466.000000
13335.000000	14029.000000
11167.000000	4998.000000
10201.000000	10935.000000
4870.000000	14489.000000
18246.000000	16413.000000
11273.000000	21864.000000
17982.000000	11662.000000
11976.000000	10701.000000
5009.000000	13301.000000
5272.000000	18528.000000
19201.000000	16653.000000
4726.000000	18527.000000
13478.000000	10466.000000
16598.000000	21637.000000
15521.000000	13083.000000
5413.000000	16390.000000
9513.000000	14022.000000
14145.000000	19257.000000
7326.000000	15443.000000
17007.000000	21875.000000
18263.000000	6911.000000
16889.000000	11660.000000
6657.000000	8078.000000
9937.000000	5708.000000
7337.000000	9267.000000
11158.000000	10224.000000
18656.000000	16177.000000
5827.000000	13778.000000
16745.000000	15698.000000
8006.000000	16632.000000
17446.000000	5960.000000
9792.000000	10697.000000
9640.000000	19011.000000
8136.000000	20196.000000
15527.000000	10232.000000
8140.000000	17820.000000
5964.000000	13540.000000
6105.000000	10927.000000
18789.000000	17840.000000
12254.000000	7851.000000
7336.000000	9742.000000
5704.000000	6413.000000
17291.000000	16174.000000
19767.000000	5726.000000
10485.000000	4759.000000
17975.000000	15463.000000
20168.000000	10716.000000
16901.000000	5484.000000
9517.000000	11646.000000
18514.000000	19265.000000
19627.000000	7864.000000
8694.000000	13545.000000
8296.000000	7606.000000
13326.000000	19255.000000
16758.000000	9047.000000
13751.000000	10941.000000
11024.000000	9036.000000
16897.000000	7384.000000
17981.000000	12137.000000
6775.000000	17818.000000
10881.000000	12599.000000
5276.000000	16627.000000
13328.000000	18305.000000
16203.000000	13797.000000
6230.000000	17342.000000
7044.000000	20194.000000
12386.000000	10464.000000
6240.000000	12115.000000
14559.000000	16644.000000
8289.000000	11407.000000
12780.000000	19254.000000
11418.000000	17351.000000
14960.000000	21634.000000
16471.000000	16173.000000
6095.000000	16629.000000
10614.000000	9273.000000
17830.000000	19976.000000
11414.000000	19252.000000
15647.000000	19022.000000
14572.000000	9518.000000
12367.000000	20916.000000
7055.000000	14017.000000
10867.000000	20201.000000
18646.000000	21403.000000
7046.000000	19244.000000
10187.000000	18537.000000
12391.000000	7613.000000
7454.000000	19957.000000
17578.000000	8098.000000
19472.000000	17603.000000
6506.000000	15917.000000
5413.000000	15915.000000
5563.000000	9026.000000
11571.000000	8087.000000
11022.000000	9986.000000
6498.000000	20193.000000
18241.000000	19264.000000
11008.000000	17588.000000
16074.000000	9758.000000
16627.000000	5958.000000
11961.000000	18777.000000
5140.000000	15914.000000
8570.000000	7131.000000
12506.000000	19729.000000
19353.000000	8339.000000
6797.000000	5940.000000
8436.000000	5468.000000
8003.000000	18533.000000
15237.000000	19259.000000
17031.000000	9047.000000
13620.000000	7853.000000
18380.000000	17601.000000
15242.000000	16408.000000
13883.000000	13080.000000
15530.000000	8332.000000
18115.000000	13325.000000
9650.000000	13785.000000
14983.000000	8806.000000
7323.000000	16869.000000
9938.000000	5233.000000
17147.000000	20212.000000
6646.000000	13779.000000
12371.000000	18541.000000
8705.000000	7844.000000
9649.000000	14260.000000
16895.000000	8334.000000
20169.000000	9765.000000
16881.000000	16411.000000
12375.000000	16640.000000
16610.000000	14985.000000
16463.000000	20924.000000
5687.000000	15440.000000
19894.000000	11190.000000
19199.000000	17603.000000
15254.000000	10232.000000
10188.000000	18062.000000
17018.000000	15699.000000
8700.000000	10695.000000
5568.000000	6175.000000
11026.000000	7611.000000
6917.000000	14730.000000
10592.000000	21150.000000
15511.000000	18784.000000
5819.000000	18054.000000
18808.000000	7863.000000
7608.000000	10218.000000
5971.000000	9739.000000
15669.000000	7144.000000
18526.000000	12613.000000
18938.000000	10951.000000
13623.000000	5953.000000
6235.000000	14491.000000
9660.000000	8083.000000
12383.000000	12364.000000
8955.000000	20197.000000
18945.000000	7625.000000
16751.000000	12847.000000
8001.000000	19483.000000
16069.000000	12133.000000
9637.000000	20436.000000
15525.000000	11182.000000
12111.000000	11889.000000
9116.000000	7132.000000
13894.000000	6903.000000
8275.000000	19008.000000
7741.000000	12356.000000
18390.000000	12375.000000
6234.000000	14966.000000
17711.000000	10236.000000
17692.000000	20688.000000
11141.000000	19251.000000
5829.000000	12827.000000
19205.000000	14277.000000
4587.000000	19714.000000
13617.000000	9278.000000
12653.000000	13790.000000
15945.000000	5244.000000
18101.000000	20927.000000
15506.000000	21635.000000
11708.000000	7850.000000
4723.000000	20427.000000
14005.000000	20919.000000
18392.000000	10950.000000
18264.000000	6436.000000
14298.000000	9992.000000
15535.000000	5481.000000
15514.000000	17359.000000
11958.000000	20678.000000
13353.000000	4527.000000
16896.000000	7859.000000
10481.000000	7135.000000
8018.000000	9981.000000
10049.000000	19249.000000
6799.000000	4990.000000
7048.000000	17818.000000
8273.000000	19958.000000
9923.000000	13785.000000
15790.000000	15459.000000
17016.000000	17124.000000
7617.000000	5467.000000
7340.000000	7842.000000
6253.000000	4989.000000
17158.000000	14036.000000
16213.000000	8095.000000
15795.000000	13083.000000
8837.000000	9982.000000
6643.000000	15204.000000
18797.000000	13564.000000
14554.000000	19495.000000
15923.000000	17597.000000
7461.000000	16156.000000
18665.000000	10950.000000
7596.000000	16869.000000
6247.000000	8315.000000
12524.000000	9751.000000
14007.000000	19969.000000
17430.000000	14511.000000
20034.000000	9053.000000
10604.000000	14499.000000
7318.000000	19719.000000
15386.000000	12370.000000
17573.000000	10948.000000
15534.000000	5956.000000
18376.000000	19977.000000
15649.000000	18072.000000
10194.000000	14736.000000
15387.000000	11895.000000
16608.000000	16410.000000
9238.000000	14972.000000
15921.000000	18547.000000
15657.000000	13796.000000
16462.000000	21399.000000
16347.000000	9758.000000
15238.000000	18783.000000
5145.000000	13539.000000
16486.000000	8096.000000
6655.000000	9028.000000
9514.000000	13547.000000
14439.000000	7855.000000
6915.000000	16155.000000
5424.000000	10214.000000
15668.000000	7619.000000
18782.000000	22116.000000
10337.000000	11173.000000
12379.000000	14265.000000
6112.000000	7127.000000
7069.000000	6416.000000
12097.000000	19490.000000
4859.000000	20665.000000
5974.000000	7839.000000
17966.000000	20214.000000
20032.000000	10003.000000
11983.000000	6900.000000
13601.000000	17830.000000
17428.000000	15462.000000
7736.000000	15206.000000
11831.000000	15214.000000
18107.000000	17601.000000
10335.000000	12123.000000
15126.000000	5243.000000
7330.000000	13068.000000
14567.000000	12368.000000
13752.000000	9991.000000
19083.000000	6438.000000
13332.000000	15929.000000
18947.000000	6200.000000
17574.000000	10473.000000
18253.000000	12613.000000
10603.000000	14974.000000
5701.000000	7839.000000
12104.000000	15214.000000
7612.000000	8317.000000
14010.000000	18544.000000
12234.000000	19253.000000
13329.000000	17355.000000
7468.000000	12355.000000
11714.000000	4999.000000
11029.000000	6185.000000
11032.000000	4285.000000
19218.000000	7626.000000
12236.000000	17828.000000
14155.000000	13555.000000
6503.000000	17342.000000
14709.000000	9280.000000
14012.000000	17118.000000
16200.000000	15222.000000
12097.000000	19015.000000
17833.000000	18076.000000
11843.000000	9038.000000
6933.000000	6178.000000
14967.000000	17833.000000
16072.000000	10708.000000
9653.000000	11884.000000
10066.000000	10222.000000
16209.000000	10471.000000
12671.000000	4288.000000
16876.000000	18786.000000
19056.000000	21166.000000
5427.000000	8313.000000
17584.000000	5247.000000
8010.000000	14257.000000
16756.000000	9997.000000
13208.000000	9040.000000
12249.000000	10701.000000
12668.000000	5713.000000
11288.000000	13788.000000
17433.000000	13086.000000
12782.000000	17829.000000
13603.000000	16880.000000
16328.000000	19736.000000
18242.000000	18789.000000
4998.000000	19002.000000
17843.000000	12849.000000
18525.000000	13088.000000
14308.000000	4766.000000
16059.000000	17835.000000
15393.000000	8569.000000
11837.000000	12363.000000
11002.000000	20914.000000
12775.000000	21630.000000
16751.000000	12372.000000
19766.000000	6201.000000
8966.000000	14496.000000
14014.000000	16168.000000
11574.000000	6662.000000
7885.000000	8318.000000
11019.000000	11412.000000
18112.000000	15225.000000
8008.000000	15682.000000
11411.000000	21152.000000
12384.000000	11889.000000
6091.000000	18529.000000
14710.000000	8805.000000
8419.000000	14970.000000
12662.000000	9039.000000
9239.000000	14497.000000
15377.000000	17596.000000
5550.000000	15678.000000
16354.000000	5958.000000
15391.000000	9519.000000
17968.000000	18788.000000
11562.000000	13313.000000
14991.000000	4530.000000
8564.000000	9982.000000
7191.000000	14255.000000
13327.000000	18780.000000
14853.000000	5242.000000
19221.000000	5725.000000
9787.000000	13547.000000
5408.000000	18765.000000
11275.000000	20914.000000
10058.000000	14498.000000
7057.000000	13067.000000
9921.000000	14735.000000
9528.000000	5470.000000
12106.000000	14264.000000
11842.000000	9513.000000
5842.000000	5701.000000
11295.000000	9987.000000
17839.000000	14750.000000
18668.000000	9525.000000
13877.000000	16405.000000
16621.000000	8809.000000
5295.000000	6175.000000
6637.000000	19005.000000
16878.000000	17836.000000
16353.000000	6433.000000
12647.000000	17116.000000
15508.000000	20684.000000
12369.000000	19966.000000
18242.000000	18314.000000
13347.000000	7853.000000
19340.000000	15465.000000
9094.000000	19010.000000
17300.000000	10948.000000
11277.000000	19964.000000
12918.000000	18542.000000
13888.000000	10229.000000
11299.000000	7611.000000
4996.000000	20428.000000
17695.000000	19263.000000
9520.000000	10221.000000
18255.000000	11187.000000
19895.000000	10240.000000
9794.000000	9271.000000
11435.000000	7849.000000
7597.000000	16394.000000
9367.000000	19010.000000
15517.000000	15458.000000
8291.000000	9981.000000
19888.000000	14041.000000
10889.000000	7848.000000
10331.000000	14499.000000
5000.000000	18052.000000
9656.000000	10459.000000
12387.000000	9989.000000
10621.000000	4997.000000
17852.000000	7623.000000
15929.000000	14271.000000
13750.000000	11417.000000
14847.000000	8568.000000
18399.000000	7149.000000
13202.000000	12366.000000
17701.000000	15462.000000
7474.000000	9030.000000
13874.000000	18306.000000
18790.000000	17365.000000
19890.000000	13091.000000
12519.000000	12602.000000
14301.000000	8567.000000
11840.000000	10463.000000
5953.000000	19242.000000
16217.000000	6195.000000
15536.000000	5006.000000
7730.000000	18532.000000
15928.000000	14746.000000
6773.000000	19243.000000
11820.000000	21390.000000
5269.000000	20428.000000
15109.000000	14745.000000
11305.000000	4286.000000
19358.000000	5488.000000
18801.000000	11663.000000
18787.000000	19265.000000
12233.000000	19728.000000
13324.000000	20205.000000
6507.000000	14967.000000
11296.000000	9512.000000
11577.000000	5236.000000
7477.000000	7604.000000
16055.000000	20210.000000
9912.000000	19486.000000
11560.000000	14263.000000
12525.000000	9276.000000
14299.000000	9517.000000
12528.000000	7376.000000
15397.000000	6669.000000
18247.000000	15938.000000
19613.000000	15466.000000
20035.000000	8577.000000
7602.000000	13543.000000
9523.000000	8321.000000
17167.000000	9285.000000
17848.000000	9999.000000
10205.000000	8559.000000
13201.000000	12841.000000
14165.000000	8329.000000
19210.000000	11902.000000
11276.000000	20439.000000
11849.000000	5712.000000
5133.000000	19715.000000
10751.000000	9036.000000
8550.000000	18059.000000
16738.000000	19974.000000
17151.000000	17837.000000
12783.000000	17354.000000
16895.000000	8809.000000
6925.000000	10454.000000
11695.000000	14976.000000
15648.000000	18547.000000
6789.000000	10216.000000
18125.000000	7624.000000
8838.000000	9507.000000
6796.000000	6415.000000
7058.000000	12592.000000
18104.000000	19501.000000
18523.000000	14038.000000
18508.000000	22115.000000
10482.000000	6660.000000
15262.000000	5481.000000
15398.000000	6193.000000
10200.000000	11410.000000
19079.000000	8813.000000
13350.000000	5952.000000
6522.000000	6890.000000
17025.000000	11898.000000
6908.000000	19956.000000
14964.000000	19258.000000
17018.000000	16174.000000
9379.000000	12359.000000
17426.000000	16887.000000
10618.000000	6897.000000
19084.000000	5963.000000
17964.000000	21164.000000
17571.000000	12374.000000
15122.000000	7618.000000
10729.000000	20913.000000
18400.000000	6674.000000
10617.000000	7372.000000
8699.000000	11170.000000
18665.000000	11426.000000
13731.000000	21869.000000
14167.000000	7379.000000
8278.000000	17108.000000
11851.000000	4287.000000
7733.000000	16632.000000
14974.000000	13557.000000
13209.000000	8565.000000
13050.000000	20680.000000
9920.000000	15210.000000
8972.000000	11170.000000
14171.000000	5003.000000
14987.000000	6905.000000
13758.000000	6666.000000
18658.000000	14751.000000
7595.000000	17344.000000
19222.000000	5250.000000
6781.000000	14492.000000
11442.000000	4048.000000
10740.000000	14737.000000
19351.000000	9289.000000
12665.000000	7139.000000
19893.000000	11665.000000
13081.000000	4051.000000
19198.000000	18553.000000
17559.000000	18550.000000
20305.000000	10003.000000
10341.000000	8797.000000
8704.000000	8319.000000
18927.000000	17127.000000
14303.000000	7617.000000
15263.000000	5005.000000
19765.000000	7152.000000
9796.000000	8321.000000
19902.000000	6439.000000
11007.000000	18063.000000
9117.000000	6182.000000
20040.000000	5727.000000
15655.000000	14746.000000
8698.000000	11645.000000
12527.000000	8326.000000
13330.000000	16880.000000
12790.000000	13553.000000
17148.000000	19737.000000
18527.000000	12138.000000
10730.000000	20438.000000
10894.000000	5473.000000
16340.000000	13559.000000
13615.000000	10229.000000
19888.000000	14516.000000
4872.000000	13538.000000
17857.000000	5248.000000
5978.000000	5939.000000
15533.000000	6906.000000
6794.000000	7365.000000
11274.000000	21389.000000
19758.000000	10952.000000
14695.000000	16882.000000
15944.000000	6194.000000
15253.000000	10707.000000
11167.000000	5473.000000
19208.000000	12852.000000
12385.000000	10939.000000
12109.000000	12839.000000
5296.000000	5700.000000
19193.000000	20929.000000
18808.000000	7387.000000
5543.000000	19953.000000
10332.000000	14023.000000
17562.000000	17125.000000
19204.000000	15227.000000
7199.000000	9979.000000
15660.000000	11895.000000
15672.000000	5244.000000
19356.000000	6438.000000
6227.000000	19242.000000
11565.000000	11413.000000
11707.000000	8800.000000
16742.000000	17598.000000
11688.000000	18777.000000
18788.000000	18315.000000
19064.000000	16890.000000
8686.000000	18296.000000
13738.000000	17593.000000
12245.000000	13077.000000
5977.000000	6414.000000
15803.000000	8332.000000
18249.000000	14513.000000
6501.000000	18292.000000
11847.000000	6662.000000
19082.000000	6913.000000
17844.000000	12374.000000
9387.000000	8083.000000
15256.000000	8806.000000
19465.000000	21404.000000
14421.000000	17357.000000
5687.000000	15915.000000
8981.000000	5944.000000
14988.000000	6430.000000
19466.000000	20929.000000
11567.000000	10462.000000
12667.000000	6188.000000
17715.000000	7861.000000
16218.000000	5720.000000
16326.000000	21161.000000
5680.000000	19716.000000
17700.000000	16412.000000
7463.000000	15206.000000
6930.000000	8078.000000
13345.000000	8803.000000
13073.000000	8327.000000
14981.000000	9756.000000
17567.000000	14274.000000
7469.000000	11880.000000
17993.000000	5486.000000
10350.000000	4046.000000
13343.000000	9753.000000
9381.000000	11409.000000
16885.000000	14035.000000
20306.000000	9528.000000
17579.000000	7623.000000
19334.000000	18791.000000
8554.000000	15683.000000
16491.000000	5720.000000
14566.000000	12843.000000
15924.000000	17122.000000
10471.000000	12361.000000
18106.000000	18076.000000
13761.000000	5240.000000
11289.000000	13312.000000
13212.000000	6665.000000
8414.000000	17346.000000
15395.000000	7619.000000
13606.000000	15455.000000
9910.000000	20437.000000
17287.000000	18075.000000
10458.000000	19487.000000
9386.000000	8558.000000
10062.000000	12122.000000
7747.000000	9030.000000
5429.000000	7363.000000
15105.000000	16645.000000
18654.000000	17127.000000
17026.000000	11423.000000
13069.000000	10228.000000
12940.000000	6189.000000
17421.000000	19738.000000
9793.000000	10222.000000
6089.000000	19954.000000
18259.000000	9287.000000
5821.000000	17103.000000
14161.000000	10705.000000
17155.000000	15936.000000
13600.000000	18780.000000
12124.000000	4762.000000
15124.000000	6668.000000
14026.000000	9517.000000
16487.000000	7621.000000
11564.000000	11888.000000
15799.000000	10708.000000
9252.000000	7370.000000
6507.000000	15442.000000
7333.000000	11642.000000
15123.000000	7143.000000
11696.000000	14501.000000
15100.000000	19496.000000
5814.000000	20904.000000
9377.000000	13309.000000
7322.000000	17344.000000
13469.000000	15692.000000
17305.000000	8572.000000
6928.000000	9029.000000
17441.000000	8810.000000
5960.000000	15441.000000
15937.000000	9995.000000
7618.000000	4991.000000
19903.000000	5964.000000
17029.000000	9997.000000
7344.000000	5466.000000
12516.000000	14027.000000
14844.000000	9993.000000
6520.000000	7840.000000
8569.000000	7606.000000
16061.000000	16409.000000
5678.000000	20666.000000
10474.000000	10935.000000
7062.000000	10217.000000
10184.000000	20437.000000
16341.000000	12609.000000
13328.000000	17830.000000
5417.000000	14014.000000
9801.000000	5471.000000
8297.000000	7131.000000
11006.000000	18538.000000
7740.000000	12831.000000
7728.000000	19482.000000
12108.000000	13314.000000
5843.000000	5226.000000
10061.000000	12598.000000
18935.000000	12851.000000
10594.000000	20200.000000
15371.000000	20447.000000
6516.000000	10216.000000
14030.000000	7616.000000
9659.000000	8558.000000
16192.000000	19498.000000
7737.000000	14731.000000
17441.000000	8335.000000
11014.000000	14262.000000
6780.000000	15442.000000
14305.000000	6191.000000
19491.000000	7626.000000
12939.000000	6664.000000
16335.000000	16410.000000
5953.000000	19717.000000
19194.000000	20454.000000
5565.000000	7601.000000
16061.000000	16885.000000
9525.000000	7370.000000
11424.000000	14025.000000
18812.000000	5487.000000
17168.000000	8335.000000
17024.000000	12848.000000
9390.000000	6658.000000
12942.000000	5239.000000
17978.000000	13562.000000
14284.000000	18069.000000
19332.000000	19741.000000
12935.000000	9040.000000
17566.000000	14749.000000
13078.000000	5477.000000
6372.000000	14254.000000
16892.000000	10235.000000
12118.000000	7613.000000
9773.000000	21149.000000
11710.000000	6899.000000
17720.000000	5485.000000
17289.000000	17124.000000
11298.000000	8086.000000
14694.000000	17357.000000
15119.000000	9044.000000
12523.000000	10227.000000
17556.000000	20451.000000
15788.000000	16884.000000
18672.000000	7625.000000
15107.000000	15695.000000
19485.000000	10477.000000
17282.000000	20925.000000
12390.000000	8563.000000
12397.000000	4288.000000
7727.000000	19957.000000
10612.000000	10223.000000
12669.000000	5238.000000
6389.000000	5227.000000
19620.000000	11665.000000
5976.000000	6889.000000
19760.000000	9527.000000
19213.000000	10001.000000
5566.000000	7126.000000
15118.000000	9994.000000
14034.000000	5241.000000
7067.000000	7841.000000
10067.000000	9272.000000
18929.000000	16177.000000
6496.000000	21143.000000
9092.000000	19960.000000
8562.000000	11407.000000
17172.000000	6434.000000
11980.000000	8800.000000
13203.000000	11891.000000
10071.000000	7371.000000
18375.000000	20452.000000
9243.000000	12121.000000
14986.000000	7380.000000
10197.000000	12835.000000
16212.000000	8570.000000
9795.000000	8796.000000
15116.000000	10944.000000
10197.000000	13310.000000
7343.000000	5941.000000
16063.000000	15459.000000
19611.000000	16416.000000
13747.000000	12842.000000
18387.000000	13801.000000
13756.000000	8091.000000
7190.000000	15205.000000
18117.000000	12375.000000
5980.000000	4988.000000
19348.000000	11189.000000
14414.000000	21157.000000
6374.000000	13304.000000
17970.000000	17838.000000
19467.000000	20454.000000
6381.000000	9503.000000
14980.000000	10706.000000
12382.000000	12839.000000
8298.000000	6180.000000
12371.000000	19016.000000
6375.000000	12828.000000
5832.000000	10927.000000
10748.000000	10461.000000
15936.000000	10470.000000
6523.000000	6415.000000
15254.000000	9756.000000
11553.000000	18064.000000
5950.000000	21142.000000
15643.000000	21397.000000
13894.000000	7378.000000
17436.000000	11186.000000
11981.000000	8325.000000
5838.000000	7601.000000
17563.000000	16650.000000
5021.000000	6650.000000
8706.000000	7369.000000
16887.000000	13085.000000
9118.000000	5707.000000
16879.000000	17361.000000
10744.000000	12361.000000
9385.000000	9033.000000
6513.000000	11641.000000
7317.000000	20194.000000
9244.000000	11646.000000
8834.000000	11883.000000
20304.000000	10953.000000
13193.000000	17117.000000
15523.000000	12132.000000
8284.000000	14257.000000
12531.000000	5951.000000
10348.000000	4996.000000
16601.000000	20211.000000
8959.000000	18297.000000
8012.000000	13307.000000
17850.000000	9049.000000
12502.000000	21629.000000
18655.000000	16652.000000
5140.000000	16389.000000
14701.000000	14031.000000
19469.000000	19504.000000
5006.000000	14726.000000
13618.000000	8803.000000
18248.000000	15463.000000
12650.000000	15691.000000
14304.000000	6667.000000
9113.000000	8557.000000
6656.000000	8553.000000
11277.000000	19489.000000
6380.000000	9978.000000
5822.000000	16628.000000
7329.000000	13543.000000
8824.000000	17584.000000
10477.000000	9510.000000
17973.000000	16413.000000
15779.000000	21635.000000
15235.000000	20684.000000
6250.000000	6414.000000
6774.000000	18293.000000
9524.000000	7846.000000
17974.000000	15938.000000
7453.000000	20432.000000
11441.000000	4523.000000
8835.000000	11408.000000
5146.000000	13064.000000
5702.000000	7363.000000
6100.000000	13778.000000
6786.000000	12116.000000
13351.000000	5477.000000
18378.000000	19027.000000
7203.000000	8079.000000
5962.000000	14491.000000
13196.000000	15692.000000
6518.000000	9265.000000
5428.000000	7838.000000
6377.000000	11878.000000
18653.000000	17602.000000
7050.000000	16868.000000
16761.000000	7146.000000
13898.000000	5003.000000
18795.000000	14989.000000
18807.000000	8338.000000
11986.000000	5475.000000
17297.000000	12848.000000
20175.000000	6440.000000
6238.000000	13066.000000
13884.000000	12605.000000
7061.000000	10692.000000
18102.000000	20452.000000
12510.000000	17353.000000
12533.000000	5000.000000
5139.000000	16865.000000
11027.000000	7136.000000
19751.000000	14753.000000
16760.000000	7621.000000
7060.000000	11642.000000
6514.000000	11166.000000
12105.000000	14739.000000
12913.000000	20917.000000
17012.000000	19024.000000
13624.000000	5478.000000
8282.000000	15207.000000
18939.000000	10476.000000
17826.000000	21876.000000
7882.000000	9743.000000
11144.000000	17826.000000
19626.000000	8339.000000
18663.000000	12376.000000
11163.000000	7373.000000
5005.000000	15201.000000
10616.000000	7848.000000
13886.000000	11654.000000
6224.000000	20667.000000
15249.000000	12607.000000
7876.000000	13069.000000
19071.000000	13089.000000
14022.000000	11892.000000
8160.000000	6893.000000
16604.000000	18311.000000
17696.000000	18313.000000
7187.000000	16631.000000
18671.000000	8100.000000
5406.000000	20191.000000
19891.000000	12616.000000
10072.000000	6896.000000
17985.000000	9761.000000
8418.000000	15445.000000
15529.000000	8807.000000
6510.000000	13541.000000
11169.000000	4048.000000
14713.000000	7380.000000
12789.000000	14028.000000
19065.000000	16415.000000
15653.000000	15696.000000
16211.000000	9046.000000
17855.000000	6198.000000
8007.000000	16157.000000
7886.000000	7843.000000
10202.000000	10460.000000
15522.000000	12608.000000
5003.000000	16152.000000
13348.000000	6902.000000
14558.000000	17119.000000
4863.000000	18289.000000
10596.000000	18775.000000
14028.000000	8566.000000
18662.000000	12851.000000
6773.000000	18768.000000
12931.000000	10940.000000
12778.000000	20204.000000
16057.000000	18785.000000
8295.000000	8081.000000
17437.000000	10711.000000
16755.000000	10472.000000
7615.000000	6417.000000
12121.000000	6187.000000
8015.000000	11881.000000
5270.000000	19953.000000
16603.000000	18786.000000
13211.000000	7615.000000
13489.000000	4765.000000
13619.000000	8328.000000
16485.000000	9046.000000
11554.000000	17589.000000
15111.000000	13795.000000
8681.000000	20672.000000
18403.000000	5249.000000
13480.000000	9516.000000
7181.000000	19956.000000
7051.000000	16393.000000
8424.000000	12119.000000
13757.000000	7616.000000
11829.000000	16639.000000
13207.000000	9515.000000
11832.000000	14739.000000
15400.000000	4768.000000
7998.000000	20908.000000
6251.000000	5939.000000
10339.000000	10223.000000
18934.000000	13326.000000
9382.000000	10933.000000
12918.000000	18067.000000
9105.000000	12833.000000
6783.000000	13542.000000
12658.000000	10939.000000
19072.000000	12614.000000
11973.000000	12601.000000
4586.000000	20664.000000
10456.000000	20913.000000
16332.000000	17835.000000
16734.000000	21874.000000
9914.000000	18536.000000
5541.000000	20904.000000
11822.000000	20440.000000
5553.000000	14252.000000
13482.000000	8565.000000
18381.000000	17126.000000
10046.000000	21149.000000
16483.000000	9996.000000
14031.000000	6666.000000
8011.000000	13782.000000
16608.000000	15935.000000
19220.000000	6200.000000
10192.000000	15686.000000
6223.000000	21142.000000
13074.000000	7377.000000
5551.000000	15202.000000
13048.000000	21630.000000
17851.000000	8573.000000
5407.000000	19716.000000
8288.000000	11882.000000
6500.000000	18767.000000
6227.000000	18767.000000
11278.000000	19014.000000
16475.000000	14272.000000
19629.000000	6439.000000
16337.000000	14985.000000
9242.000000	12596.000000
12258.000000	5950.000000
5141.000000	15439.000000
4867.000000	15914.000000
15665.000000	9520.000000
20312.000000	6678.000000
18391.000000	11900.000000
11833.000000	14264.000000
16872.000000	21162.000000
13478.000000	10941.000000
15510.000000	19259.000000
17698.000000	17363.000000
19342.000000	14040.000000
6927.000000	9504.000000
9799.000000	6896.000000
12664.000000	8089.000000
19487.000000	9527.000000
19622.000000	10715.000000
6521.000000	7365.000000
13204.000000	10940.000000
14156.000000	13080.000000
11687.000000	19252.000000
8283.000000	14732.000000
7459.000000	17106.000000
8707.000000	6419.000000
15117.000000	10469.000000
16205.000000	12846.000000
19478.000000	14278.000000
10060.000000	13548.000000
4860.000000	19715.000000
15509.000000	19734.000000
8299.000000	5705.000000
20175.000000	6915.000000
10865.000000	21151.000000
10334.000000	13073.000000
8956.000000	19722.000000
12229.000000	21629.000000
6780.000000	14967.000000
16621.000000	9284.000000
5137.000000	17815.000000
11964.000000	17352.000000
13465.000000	17592.000000
8564.000000	10457.000000
8019.000000	9506.000000
9519.000000	10696.000000
7335.000000	10217.000000
15385.000000	13320.000000
7863.000000	20195.000000
17023.000000	13323.000000
11439.000000	5949.000000
18940.000000	10001.000000
17427.000000	16412.000000
19055.000000	22116.000000
15124.000000	6193.000000
19348.000000	10714.000000
15645.000000	19972.000000
12517.000000	13552.000000
11294.000000	10462.000000
5828.000000	13303.000000
5979.000000	5464.000000
14435.000000	9755.000000
10461.000000	18062.000000
15646.000000	19497.000000
14438.000000	8330.000000
4996.000000	19952.000000
6244.000000	9740.000000
14838.000000	13319.000000
9636.000000	21386.000000
17697.000000	17838.000000
13471.000000	14267.000000
7192.000000	13780.000000
19478.000000	14753.000000
16602.000000	19261.000000
14557.000000	18070.000000
18262.000000	7862.000000
6232.000000	16391.000000
6776.000000	17343.000000
7481.000000	5229.000000
13754.000000	9041.000000
5703.000000	6888.000000
16748.000000	14273.000000
14434.000000	10705.000000
14961.000000	21158.000000
19621.000000	11190.000000
19607.000000	18791.000000
17988.000000	8336.000000
19904.000000	5489.000000
12261.000000	4525.000000
10475.000000	10460.000000
10060.000000	13073.000000
17296.000000	13323.000000
8433.000000	7368.000000
7748.000000	8555.000000
11699.000000	13076.000000
9658.000000	9034.000000
8561.000000	11882.000000
16882.000000	15461.000000
9930.000000	9984.000000
9369.000000	18060.000000
10594.000000	19725.000000
7601.000000	14018.000000
9250.000000	8320.000000
17694.000000	19738.000000
19470.000000	19029.000000
10344.000000	7372.000000
14004.000000	21394.000000
15115.000000	11419.000000
14717.000000	5004.000000
9647.000000	15210.000000
13186.000000	20918.000000
11692.000000	16877.000000
12654.000000	13315.000000
15261.000000	6431.000000
8153.000000	11169.000000
5837.000000	8551.000000
14420.000000	18307.000000
6497.000000	20668.000000
12512.000000	16403.000000
18245.000000	16889.000000
15670.000000	6669.000000
7341.000000	6891.000000
16343.000000	11659.000000
11564.000000	12363.000000
10184.000000	19962.000000
18802.000000	10713.000000
17840.000000	14275.000000
16195.000000	18073.000000
18522.000000	14989.000000
15261.000000	5956.000000
12806.000000	5001.000000
11166.000000	5948.000000
4722.000000	20902.000000
5132.000000	20665.000000
17838.000000	15225.000000
12378.000000	14740.000000
15926.000000	15697.000000
5563.000000	8551.000000
11569.000000	9512.000000
11155.000000	11649.000000
5975.000000	7364.000000
11015.000000	13787.000000
13733.000000	20444.000000
15251.000000	11657.000000
18129.000000	5723.000000
19063.000000	17365.000000
16075.000000	9283.000000
17035.000000	6672.000000
14004.000000	21869.000000
14434.000000	10230.000000
19625.000000	8814.000000
10459.000000	19012.000000
14711.000000	8330.000000
6649.000000	12354.000000
8420.000000	14020.000000
8827.000000	15684.000000
17033.000000	7622.000000
7749.000000	8080.000000
16890.000000	11185.000000
16893.000000	9759.000000
7479.000000	6179.000000
6920.000000	13305.000000
7591.000000	19720.000000
13731.000000	21394.000000
17173.000000	5959.000000
17718.000000	6435.000000
6659.000000	6653.000000
7316.000000	20669.000000
10321.000000	20200.000000
5158.000000	6412.000000
12798.000000	9277.000000
15372.000000	19971.000000
13211.000000	7140.000000
10757.000000	5710.000000
10882.000000	11649.000000
10466.000000	15211.000000
10209.000000	6659.000000
11714.000000	4524.000000
6246.000000	8790.000000
18647.000000	20928.000000
14008.000000	19494.000000
5430.000000	6888.000000
6910.000000	19006.000000
16615.000000	12134.000000
6504.000000	16867.000000
13875.000000	17356.000000
11981.000000	7850.000000
11152.000000	13550.000000
14849.000000	7618.000000
11005.000000	19013.000000
15780.000000	21160.000000
13609.000000	13554.000000
7739.000000	13306.000000
11578.000000	4286.000000
6114.000000	6176.000000
7320.000000	18769.000000
19886.000000	15466.000000
17292.000000	15224.000000
9229.000000	19723.000000
18650.000000	19502.000000
8973.000000	10695.000000
8140.000000	18295.000000
19347.000000	11664.000000
18657.000000	15702.000000
19602.000000	21642.000000
15376.000000	18071.000000
15805.000000	7382.000000
9774.000000	20674.000000
11824.000000	19490.000000
6233.000000	15441.000000
18397.000000	8574.000000
14011.000000	17593.000000
17308.000000	6672.000000
9639.000000	19486.000000
18257.000000	10237.000000
12507.000000	19254.000000
8970.000000	12120.000000
11573.000000	7137.000000
19488.000000	9052.000000
16076.000000	8333.000000
10198.000000	12360.000000
19328.000000	21642.000000
8423.000000	12595.000000
11969.000000	14502.000000
6526.000000	4989.000000
8276.000000	18533.000000
14981.000000	10231.000000
8286.000000	12832.000000
16344.000000	11184.000000
17424.000000	17837.000000
8417.000000	15920.000000
17447.000000	5485.000000
20038.000000	6677.000000
8154.000000	10694.000000
17847.000000	10474.000000
7201.000000	9029.000000
8960.000000	17822.000000
17288.000000	17599.000000
5133.000000	20190.000000
15934.000000	11421.000000
13488.000000	5240.000000
6784.000000	13067.000000
6088.000000	20430.000000
11291.000000	12362.000000
14441.000000	6904.000000
6798.000000	5465.000000
6914.000000	16630.000000
16208.000000	10946.000000
9232.000000	18297.000000
6923.000000	11404.000000
12113.000000	10463.000000
18265.000000	5961.000000
16626.000000	6433.000000
6934.000000	5703.000000
17571.000000	11899.000000
13608.000000	14029.000000
12520.000000	12127.000000
19472.000000	18079.000000
17303.000000	9523.000000
15925.000000	16172.000000
7891.000000	4992.000000
9364.000000	20911.000000
17707.000000	12612.000000
13055.000000	17829.000000
14555.000000	19020.000000
14440.000000	7379.000000
12928.000000	12840.000000
8697.000000	12120.000000
12648.000000	16641.000000
12796.000000	10227.000000
17165.000000	10235.000000
8685.000000	18771.000000
7726.000000	20433.000000
14141.000000	21632.000000
16198.000000	16647.000000
19608.000000	17841.000000
12929.000000	12365.000000
11551.000000	19014.000000
17699.000000	16888.000000
12521.000000	11177.000000
11028.000000	6661.000000
5825.000000	14728.000000
11966.000000	16402.000000
17307.000000	7147.000000
12231.000000	20678.000000
14703.000000	12606.000000
8957.000000	19247.000000
15101.000000	19021.000000
17443.000000	7385.000000
20172.000000	8340.000000
12781.000000	18779.000000
19630.000000	5964.000000
13736.000000	19018.000000
7056.000000	13542.000000
11547.000000	21390.000000
7613.000000	7842.000000
16620.000000	9759.000000
17963.000000	21639.000000
12119.000000	7138.000000
7052.000000	15918.000000
14147.000000	18306.000000
11979.000000	9275.000000
19202.000000	16178.000000
6642.000000	16155.000000
8830.000000	14258.000000
11571.000000	8562.000000
6111.000000	7602.000000
7614.000000	6892.000000
10323.000000	18774.000000
19473.000000	17128.000000
18395.000000	9525.000000
17174.000000	5484.000000
5294.000000	6650.000000
11566.000000	10937.000000
17030.000000	9522.000000
12797.000000	9752.000000
5136.000000	18290.000000
12235.000000	18303.000000
16599.000000	21161.000000
20030.000000	11428.000000
12807.000000	4051.000000
7183.000000	18531.000000
14564.000000	13794.000000
10342.000000	8322.000000
7049.000000	17343.000000
5955.000000	18291.000000
14688.000000	20683.000000
8954.000000	20672.000000
17713.000000	9286.000000
18531.000000	9762.000000
5826.000000	14253.000000
12503.000000	21154.000000
15782.000000	19735.000000
12787.000000	15453.000000
13067.000000	11653.000000
11987.000000	4999.000000
6366.000000	17579.000000
6633.000000	20906.000000
10345.000000	6897.000000
11974.000000	11651.000000
13348.000000	7377.000000
17156.000000	14986.000000
8958.000000	18772.000000
11419.000000	16876.000000
19768.000000	5251.000000
12936.000000	8564.000000
10739.000000	15212.000000
17986.000000	9286.000000
19748.000000	16179.000000
17299.000000	11423.000000
19476.000000	15703.000000
6930.000000	7603.000000
12261.000000	4050.000000
18652.000000	18552.000000
13878.000000	15930.000000
19485.000000	10952.000000
10207.000000	7609.000000
13057.000000	16879.000000
17286.000000	18550.000000
14027.000000	9042.000000
11971.000000	13551.000000
14442.000000	5954.000000
20029.000000	11903.000000
7319.000000	19244.000000
16193.000000	19023.000000
13459.000000	20918.000000
11684.000000	21152.000000
6650.000000	11404.000000
16080.000000	6432.000000
15804.000000	7857.000000
12365.000000	21866.000000
8281.000000	15683.000000
19749.000000	15704.000000
13740.000000	16643.000000
18806.000000	8813.000000
10747.000000	10936.000000
15516.000000	15933.000000
5276.000000	16152.000000
7053.000000	15443.000000
14575.000000	8092.000000
18100.000000	21402.000000
15658.000000	12845.000000
6519.000000	8790.000000
7207.000000	5703.000000
16611.000000	14510.000000
6935.000000	5228.000000
19481.000000	12852.000000
12124.000000	4287.000000
7600.000000	14494.000000
18235.000000	22115.000000
18266.000000	5486.000000
5003.000000	16627.000000
17009.000000	20925.000000
19062.000000	18315.000000
15520.000000	14033.000000
16754.000000	10947.000000
5562.000000	9501.000000
12395.000000	5713.000000
6090.000000	19479.000000
8708.000000	5944.000000
15518.000000	14983.000000
10470.000000	13311.000000
9364.000000	20436.000000
7884.000000	8793.000000
14845.000000	9518.000000
16899.000000	6434.000000
13062.000000	14028.000000
15651.000000	17121.000000
11421.000000	15451.000000
11160.000000	9274.000000
8156.000000	9268.000000
6362.000000	19955.000000
18784.000000	20690.000000
12120.000000	6663.000000
9654.000000	11409.000000
10070.000000	7847.000000
14687.000000	21633.000000
13321.000000	21631.000000
14163.000000	9279.000000
5544.000000	19003.000000
17435.000000	11661.000000
14829.000000	18545.000000
8000.000000	19958.000000
5007.000000	14251.000000
7204.000000	7129.000000
14011.000000	18069.000000
6360.000000	20905.000000
5958.000000	16866.000000
15916.000000	21398.000000
8567.000000	8556.000000
11700.000000	12601.000000
15508.000000	20209.000000
18520.000000	15939.000000
9650.000000	13309.000000
7327.000000	14968.000000
8137.000000	19721.000000
11709.000000	7374.000000
11302.000000	6186.000000
6795.000000	6890.000000
16204.000000	13321.000000
16873.000000	20687.000000
6918.000000	14255.000000
17146.000000	20687.000000
11013.000000	14737.000000
11279.000000	18539.000000
10477.000000	9035.000000
12513.000000	15928.000000
8161.000000	6418.000000
16348.000000	9283.000000
14429.000000	13081.000000
7339.000000	8317.000000
12661.000000	9514.000000
13468.000000	16167.000000
14970.000000	15932.000000
12242.000000	14502.000000
12511.000000	16878.000000
16331.000000	18310.000000
18949.000000	5250.000000
5967.000000	11640.000000
8971.000000	11645.000000
9504.000000	18773.000000
16067.000000	13559.000000
11846.000000	7137.000000
6228.000000	18292.000000
18393.000000	10475.000000
10467.000000	14736.000000
10597.000000	18300.000000
6788.000000	10691.000000
13484.000000	7140.000000
17570.000000	12849.000000
10872.000000	17350.000000
6376.000000	12353.000000
7745.000000	9980.000000
15125.000000	5718.000000
6520.000000	8315.000000
6650.000000	11879.000000
18535.000000	7862.000000
12800.000000	8327.000000
10610.000000	11173.000000
5839.000000	7126.000000
16622.000000	8334.000000
10208.000000	7134.000000
10741.000000	14262.000000
15099.000000	19971.000000
10340.000000	9272.000000
13192.000000	17592.000000
20174.000000	7390.000000
10894.000000	4997.000000
12645.000000	18066.000000
14282.000000	19019.000000
12117.000000	8563.000000
20305.000000	10478.000000
19067.000000	15465.000000
18540.000000	5011.000000
15388.000000	11420.000000
12505.000000	20204.000000
17311.000000	5247.000000
7457.000000	18057.000000
8979.000000	7369.000000
12397.000000	4763.000000
12916.000000	19492.000000
11825.000000	18540.000000
11701.000000	12125.000000
6367.000000	17104.000000
8290.000000	10931.000000
11687.000000	19727.000000
19759.000000	10002.000000
5023.000000	5699.000000
14551.000000	21395.000000
15931.000000	12846.000000
9924.000000	13310.000000
11845.000000	7612.000000
9788.000000	12597.000000
16066.000000	14034.000000
19614.000000	14991.000000
18534.000000	8337.000000
8413.000000	18296.000000
14850.000000	7143.000000
9247.000000	10221.000000
9117.000000	6657.000000
12243.000000	14027.000000
19490.000000	8101.000000
5836.000000	9027.000000
12917.000000	19017.000000
15941.000000	7620.000000
12934.000000	9515.000000
12793.000000	12127.000000
11012.000000	15212.000000
7607.000000	10693.000000
17157.000000	14511.000000
14025.000000	9992.000000
10887.000000	8798.000000
19336.000000	17366.000000
13341.000000	11178.000000
17145.000000	21162.000000
6929.000000	8553.000000
9785.000000	14498.000000
18519.000000	16414.000000
16600.000000	20686.000000
6511.000000	13066.000000
19328.000000	22117.000000
13189.000000	19492.000000
5677.000000	21141.000000
18243.000000	17839.000000
14415.000000	20682.000000
9927.000000	11410.000000
12943.000000	4764.000000
6231.000000	16867.000000
11575.000000	6186.000000
18798.000000	13089.000000
6513.000000	12116.000000
5679.000000	20191.000000
18793.000000	15939.000000
14577.000000	7142.000000
10606.000000	13549.000000
13598.000000	19731.000000
13058.000000	16404.000000
17152.000000	17362.000000
8134.000000	21146.000000
7751.000000	6655.000000
8422.000000	13070.000000
11441.000000	4998.000000
18099.000000	21877.000000
10460.000000	18537.000000
17163.000000	11185.000000
7616.000000	5942.000000
7880.000000	10693.000000
19350.000000	9764.000000
15808.000000	5957.000000
10750.000000	9511.000000
9383.000000	10458.000000
6370.000000	15679.000000
14715.000000	5955.000000
14144.000000	19732.000000
17979.000000	13087.000000
18666.000000	10475.000000
4865.000000	17339.000000
16618.000000	10709.000000
18128.000000	6198.000000
11137.000000	21627.000000
17309.000000	6197.000000
13738.000000	18068.000000
5560.000000	10451.000000
8819.000000	19959.000000
16355.000000	5483.000000
16325.000000	21636.000000
17557.000000	19975.000000
18673.000000	6675.000000
11157.000000	10699.000000
19605.000000	19742.000000
8968.000000	13071.000000
7327.000000	14493.000000
8954.000000	21147.000000
9516.000000	12121.000000
13614.000000	11179.000000
20032.000000	10478.000000
13869.000000	20681.000000
13331.000000	16404.000000
14421.000000	17832.000000
7592.000000	19245.000000
8980.000000	6894.000000
9937.000000	6183.000000
15651.000000	16646.000000
18126.000000	7149.000000
11436.000000	7374.000000
18110.000000	16176.000000
16199.000000	15697.000000
6637.000000	18530.000000
10047.000000	20199.000000
14843.000000	10943.000000
12912.000000	21392.000000
8023.000000	7605.000000
18260.000000	8812.000000
9637.000000	20911.000000
7744.000000	10455.000000
19070.000000	13564.000000
19900.000000	7865.000000
6640.000000	17105.000000
18105.000000	19026.000000
7195.000000	12355.000000
9093.000000	19485.000000
8024.000000	6655.000000
20171.000000	8815.000000
15663.000000	10470.000000
7729.000000	19007.000000
12802.000000	6901.000000
12642.000000	19966.000000
7066.000000	8316.000000
19475.000000	16178.000000
5414.000000	15440.000000
9388.000000	7608.000000
12234.000000	18778.000000
13190.000000	19017.000000
11422.000000	14976.000000
14828.000000	19020.000000
15519.000000	14508.000000
6096.000000	16154.000000
4586.000000	20189.000000
9115.000000	7607.000000
15658.000000	13320.000000
7342.000000	6416.000000
9648.000000	14735.000000
11139.000000	20676.000000
16735.000000	21399.000000
11694.000000	15451.000000
9501.000000	20198.000000
11437.000000	6899.000000
14565.000000	13318.000000
15939.000000	8570.000000
5969.000000	10690.000000
17161.000000	12135.000000
15667.000000	8094.000000
8412.000000	18771.000000
11156.000000	11174.000000
11703.000000	10700.000000
13473.000000	13316.000000
16482.000000	10471.000000
7871.000000	15919.000000
14852.000000	5717.000000
9929.000000	10459.000000
10607.000000	12599.000000
16881.000000	15936.000000
6910.000000	18531.000000
5951.000000	20667.000000
5281.000000	13777.000000
5426.000000	8788.000000
12795.000000	10702.000000
13337.000000	13079.000000
19612.000000	15941.000000
11142.000000	18776.000000
13061.000000	14504.000000
8696.000000	12595.000000
19902.000000	6914.000000
8004.000000	17582.000000
18943.000000	8575.000000
14553.000000	19970.000000
5835.000000	9502.000000
5410.000000	17815.000000
11290.000000	12837.000000
10479.000000	8085.000000
11412.000000	20677.000000
13744.000000	14267.000000
7475.000000	8554.000000
19631.000000	5489.000000
14168.000000	6429.000000
6369.000000	16154.000000
8572.000000	5706.000000
13486.000000	6190.000000
14170.000000	5479.000000
9377.000000	13784.000000
7611.000000	8792.000000
16197.000000	17122.000000
7345.000000	4991.000000
8830.000000	13783.000000
12660.000000	9989.000000
13893.000000	7854.000000
6653.000000	9978.000000
13199.000000	13791.000000
11956.000000	21628.000000
12123.000000	5237.000000
7183.000000	19006.000000
14417.000000	19732.000000
14698.000000	15457.000000
12646.000000	17591.000000
19477.000000	15228.000000
6226.000000	19717.000000
9106.000000	12358.000000
5688.000000	14965.000000
17975.000000	14988.000000
16078.000000	7382.000000
7464.000000	14256.000000
18932.000000	14277.000000
8420.000000	14495.000000
17854.000000	6673.000000
9247.000000	9745.000000
9638.000000	19961.000000
20303.000000	11429.000000
6363.000000	19480.000000
19068.000000	14990.000000
4864.000000	17814.000000
12257.000000	6425.000000
16333.000000	17360.000000
13049.000000	21155.000000
9227.000000	21148.000000
17554.000000	21401.000000
13868.000000	21156.000000
17968.000000	19264.000000
9389.000000	7133.000000
12779.000000	19729.000000
8025.000000	6180.000000
20176.000000	5965.000000
17569.000000	13324.000000
15106.000000	16170.000000
11836.000000	12838.000000
9241.000000	13071.000000
18936.000000	12376.000000
7753.000000	5704.000000
18945.000000	7150.000000
15371.000000	20922.000000
5549.000000	16628.000000
8560.000000	12357.000000
16349.000000	8333.000000
14830.000000	18070.000000
19609.000000	17366.000000
5419.000000	13064.000000
11563.000000	12838.000000
9251.000000	7845.000000
17565.000000	15700.000000
15798.000000	11183.000000
16465.000000	19973.000000
18256.000000	10712.000000
5423.000000	10689.000000
6373.000000	13779.000000
18664.000000	11901.000000
17984.000000	10237.000000
4869.000000	14964.000000
17575.000000	9998.000000
8829.000000	14733.000000
16468.000000	18073.000000
19746.000000	17129.000000
8271.000000	20909.000000
15665.000000	9045.000000
15671.000000	6194.000000
15801.000000	9282.000000
18528.000000	11663.000000
5275.000000	17102.000000
8707.000000	6894.000000
20027.000000	12853.000000
8702.000000	9269.000000
6916.000000	15680.000000
4862.000000	18764.000000
12102.000000	16640.000000
9100.000000	15684.000000
8976.000000	8795.000000
14298.000000	10467.000000
5685.000000	16866.000000
13597.000000	20206.000000
9652.000000	12359.000000
7593.000000	18769.000000
11834.000000	13789.000000
8969.000000	12596.000000
10758.000000	4760.000000
11561.000000	13788.000000
10866.000000	20676.000000
9090.000000	20910.000000
19207.000000	13327.000000
14689.000000	20208.000000
9249.000000	8795.000000
15935.000000	10945.000000
19080.000000	8338.000000
7609.000000	9742.000000
10347.000000	5947.000000
16476.000000	13797.000000
16877.000000	18311.000000
13739.000000	17118.000000
17992.000000	5961.000000
12093.000000	21391.000000
10343.000000	7847.000000
5564.000000	8076.000000
4861.000000	19240.000000
17153.000000	16887.000000
14963.000000	19733.000000
11838.000000	11413.000000
13458.000000	21868.000000
18116.000000	12850.000000
8004.000000	18058.000000
10875.000000	15450.000000
13185.000000	21393.000000
5293.000000	7125.000000
18942.000000	9051.000000
18118.000000	11900.000000
18389.000000	12850.000000
9924.000000	12835.000000
12110.000000	12364.000000
13622.000000	6428.000000
14020.000000	12842.000000
7321.000000	17819.000000
17159.000000	13561.000000
16481.000000	10946.000000
12380.000000	13790.000000
18521.000000	15464.000000
11686.000000	20202.000000
14831.000000	17595.000000
13066.000000	12128.000000
9922.000000	14260.000000
15394.000000	8094.000000
16345.000000	10709.000000
15650.000000	17596.000000
8005.000000	17107.000000
18509.000000	21640.000000
7184.000000	18056.000000
8695.000000	13070.000000
14142.000000	20682.000000
10069.000000	8322.000000
12911.000000	21867.000000
19757.000000	11428.000000
6661.000000	5702.000000
19763.000000	8102.000000
9662.000000	7133.000000
14688.000000	21158.000000
16348.000000	8808.000000
10193.000000	15211.000000
17435.000000	12136.000000
9230.000000	19248.000000
12391.000000	8088.000000
11965.000000	16877.000000
13868.000000	21632.000000
9104.000000	13308.000000
16478.000000	12372.000000
11851.000000	4762.000000
17578.000000	8573.000000
6654.000000	9503.000000
15513.000000	17834.000000
18236.000000	21640.000000
5287.000000	10451.000000
14431.000000	12130.000000
9931.000000	9034.000000
17695.000000	18788.000000
5418.000000	13539.000000
12925.000000	14266.000000
16335.000000	15935.000000
17704.000000	14037.000000
16606.000000	17361.000000
17306.000000	7622.000000
6772.000000	19718.000000
14968.000000	16883.000000
12381.000000	13314.000000
8568.000000	8081.000000
18372.000000	21877.000000
15515.000000	16408.000000
14149.000000	16881.000000
6792.000000	8791.000000
11415.000000	18776.000000
16215.000000	7145.000000
11003.000000	20439.000000
18386.000000	14276.000000
18796.000000	14039.000000
7868.000000	17345.000000
17022.000000	13798.000000
14982.000000	9281.000000
11432.000000	9749.000000
8974.000000	10220.000000
11431.000000	10225.000000
10868.000000	19251.000000
19889.000000	13566.000000
6638.000000	18055.000000
12244.000000	13552.000000
13472.000000	13792.000000
11145.000000	17351.000000
13741.000000	16168.000000
12111.000000	11414.000000
17989.000000	7386.000000
7743.000000	11406.000000
12238.000000	16878.000000
19492.000000	6676.000000
5409.000000	18290.000000
8692.000000	14971.000000
16477.000000	13322.000000
14974.000000	14032.000000
18799.000000	12614.000000
15659.000000	12370.000000
18948.000000	5725.000000
5705.000000	5938.000000
17417.000000	21638.000000
16461.000000	21874.000000
14024.000000	10942.000000
5542.000000	20429.000000
18919.000000	21403.000000
8429.000000	9269.000000
19489.000000	8576.000000
16753.000000	11422.000000
19330.000000	20691.000000
16479.000000	11897.000000
19495.000000	5251.000000
17987.000000	8811.000000
17423.000000	18312.000000
13458.000000	21393.000000
15802.000000	8807.000000
9919.000000	15686.000000
6365.000000	18055.000000
5561.000000	9976.000000
18515.000000	18314.000000
14851.000000	6668.000000
14824.000000	21396.000000
11713.000000	5474.000000
14705.000000	11656.000000
17419.000000	20688.000000
18658.000000	15226.000000
12092.000000	21866.000000
12649.000000	16166.000000
18398.000000	8099.000000
7594.000000	17819.000000
17310.000000	5722.000000
19468.000000	19979.000000
19355.000000	7388.000000
9774.000000	20199.000000
8684.000000	19247.000000
14824.000000	20921.000000
9111.000000	9508.000000
19624.000000	9289.000000
12652.000000	14265.000000
17561.000000	17600.000000
14708.000000	10231.000000
12915.000000	19967.000000
13487.000000	5715.000000
19343.000000	13565.000000
14159.000000	11655.000000
19061.000000	18790.000000
10751.000000	8560.000000
18785.000000	20215.000000
9664.000000	6183.000000
10620.000000	5472.000000
17305.000000	8097.000000
5159.000000	5937.000000
14704.000000	12131.000000
8274.000000	19483.000000
5823.000000	16153.000000
16339.000000	14034.000000
9651.000000	12834.000000
6101.000000	13303.000000
16874.000000	20212.000000
15932.000000	12371.000000
15398.000000	5718.000000
13732.000000	20919.000000
8021.000000	8555.000000
14574.000000	8567.000000
14966.000000	18308.000000
14842.000000	11419.000000
8142.000000	16870.000000
10742.000000	13787.000000
20036.000000	8102.000000
11823.000000	19965.000000
12924.000000	14741.000000
13068.000000	11178.000000
18783.000000	21165.000000
9789.000000	12122.000000
18511.000000	20690.000000
17564.000000	16175.000000
17170.000000	7384.000000
7878.000000	12118.000000
14848.000000	8093.000000
10484.000000	5234.000000
11410.000000	21627.000000
16871.000000	21637.000000
19494.000000	5726.000000
13596.000000	20681.000000
19355.000000	6913.000000
19755.000000	12378.000000
19758.000000	10477.000000
6648.000000	12829.000000
7866.000000	18770.000000
19331.000000	20216.000000
14281.000000	19494.000000
9642.000000	18061.000000
12230.000000	21153.000000
18925.000000	18078.000000
15383.000000	14270.000000
7194.000000	12830.000000
10878.000000	14024.000000
15240.000000	17833.000000
11558.000000	15213.000000
6110.000000	8077.000000
13188.000000	19967.000000
9790.000000	11647.000000
12931.000000	11415.000000
10622.000000	4522.000000
14691.000000	19258.000000
8016.000000	11406.000000
17031.000000	8572.000000
18946.000000	6675.000000
9503.000000	19248.000000
9107.000000	11883.000000
8277.000000	18058.000000
16207.000000	11421.000000
8703.000000	8794.000000
13342.000000	10228.000000
14288.000000	15694.000000
17036.000000	6196.000000
7478.000000	6654.000000
11962.000000	18302.000000
18238.000000	20689.000000
8558.000000	13308.000000
7865.000000	19245.000000
13872.000000	19256.000000
15374.000000	19021.000000
18124.000000	8574.000000
6093.000000	17579.000000
10735.000000	17587.000000
11701.000000	11650.000000
12247.000000	11651.000000
15235.000000	20209.000000
10471.000000	12836.000000
9254.000000	6420.000000
13749.000000	11892.000000
19899.000000	8340.000000
9374.000000	15209.000000
15793.000000	14033.000000
6094.000000	17104.000000
10047.000000	20674.000000
11690.000000	17827.000000
14279.000000	20445.000000
11001.000000	21389.000000
4450.000000	20427.000000
10605.000000	14024.000000
5692.000000	13065.000000
14976.000000	12607.000000
19492.000000	7151.000000
11430.000000	10700.000000
19892.000000	12140.000000
8557.000000	14258.000000
7340.000000	7366.000000
10886.000000	9748.000000
10329.000000	15449.000000
14985.000000	7856.000000
14556.000000	18545.000000
7045.000000	19719.000000
15664.000000	9995.000000
12930.000000	11890.000000
10473.000000	11411.000000
6387.000000	6177.000000
7067.000000	7366.000000
8832.000000	12833.000000
7334.000000	10692.000000
5548.000000	17103.000000
9925.000000	12360.000000
11004.000000	19488.000000
5426.000000	9263.000000
4995.000000	20903.000000
18121.000000	9999.000000
18924.000000	19028.000000
11149.000000	14975.000000
18802.000000	11188.000000
12941.000000	5714.000000
12801.000000	7852.000000
6110.000000	8552.000000
18113.000000	14275.000000
19059.000000	19741.000000
14578.000000	6667.000000
7185.000000	17581.000000
9526.000000	6895.000000
10879.000000	13549.000000
19622.000000	10240.000000
5965.000000	13065.000000
17846.000000	10949.000000
18786.000000	19740.000000
13194.000000	16642.000000
10864.000000	21626.000000
13339.000000	12128.000000
19073.000000	12139.000000
10745.000000	11886.000000
17836.000000	16650.000000
8709.000000	5469.000000
11967.000000	15452.000000
19901.000000	7389.000000
16757.000000	9522.000000
14978.000000	11656.000000
8434.000000	6893.000000
6097.000000	15679.000000
17285.000000	19025.000000
8143.000000	16395.000000
14433.000000	11180.000000
12370.000000	19491.000000
10074.000000	5471.000000
7889.000000	5942.000000
8555.000000	15208.000000
8432.000000	7844.000000
14293.000000	12843.000000
8844.000000	6181.000000
17717.000000	6910.000000
9911.000000	19961.000000
9797.000000	7846.000000
6379.000000	10453.000000
9786.000000	14022.000000
17856.000000	5723.000000
15104.000000	17120.000000
12368.000000	20441.000000
10320.000000	20675.000000
15809.000000	5006.000000
8010.000000	14732.000000
20302.000000	11904.000000
15381.000000	15220.000000
8427.000000	10694.000000
6652.000000	10453.000000
20313.000000	5727.000000
18813.000000	5012.000000
17553.000000	21876.000000
17842.000000	13324.000000
10486.000000	4284.000000
8821.000000	19009.000000
19349.000000	10239.000000
13479.000000	9991.000000
17429.000000	14987.000000
15933.000000	11896.000000
18809.000000	6912.000000
9253.000000	6895.000000
20310.000000	7628.000000
17832.000000	18551.000000
19765.000000	6677.000000
18517.000000	17364.000000
9775.000000	19724.000000
8980.000000	6419.000000
12115.000000	9513.000000
12803.000000	6426.000000
14701.000000	13556.000000
8427.000000	10219.000000
19752.000000	14278.000000
17572.000000	11424.000000
12246.000000	12602.000000
14839.000000	12844.000000
7068.000000	6891.000000
11297.000000	9037.000000
18127.000000	6674.000000
12788.000000	14503.000000
11021.000000	10461.000000
7331.000000	12593.000000
17438.000000	10236.000000
9936.000000	6659.000000
8844.000000	6657.000000
14568.000000	11893.000000
8022.000000	8080.000000
5698.000000	9739.000000
11030.000000	5710.000000
12644.000000	19016.000000
8843.000000	7132.000000
7734.000000	16157.000000
13059.000000	15929.000000
10347.000000	5472.000000
12927.000000	13315.000000
14445.000000	4529.000000
8547.000000	19484.000000
15661.000000	11420.000000
14302.000000	8092.000000
14561.000000	15694.000000
14009.000000	19019.000000
18921.000000	20453.000000
8820.000000	19484.000000
5156.000000	7362.000000
11434.000000	8799.000000
16082.000000	5007.000000
6252.000000	5464.000000
16743.000000	17123.000000
13322.000000	21155.000000
8157.000000	8793.000000
16056.000000	19260.000000
5570.000000	5225.000000
6502.000000	17817.000000
11715.000000	4049.000000
6087.000000	20905.000000
10896.000000	4047.000000
12514.000000	14978.000000
6505.000000	16392.000000
7480.000000	5704.000000
16068.000000	13084.000000
7065.000000	8791.000000
18402.000000	5724.000000
8691.000000	15446.000000
6388.000000	5702.000000
19884.000000	16416.000000
5957.000000	17341.000000
7477.000000	7129.000000
17558.000000	19500.000000
14019.000000	13317.000000
19897.000000	9290.000000
9665.000000	5233.000000
11848.000000	6187.000000
7746.000000	9505.000000
7880.000000	11168.000000
13213.000000	6189.000000
5286.000000	10926.000000
5157.000000	6887.000000
11839.000000	10938.000000
16875.000000	19262.000000
11977.000000	10226.000000
12655.000000	12840.000000
10731.000000	19488.000000
9500.000000	20673.000000
17977.000000	14037.000000
13476.000000	11891.000000
14694.000000	17832.000000
15515.000000	16884.000000
10611.000000	10698.000000
13187.000000	20443.000000
5700.000000	8314.000000
15925.000000	16647.000000
14714.000000	6430.000000
17719.000000	5960.000000
5815.000000	20429.000000
13746.000000	13317.000000
19218.000000	7151.000000
8425.000000	11644.000000
14029.000000	8091.000000
12372.000000	18066.000000
19329.000000	21166.000000
11968.000000	14977.000000
16485.000000	8571.000000
9663.000000	6658.000000
20167.000000	11191.000000
18529.000000	10713.000000
16055.000000	19735.000000
9240.000000	13546.000000
17831.000000	19501.000000
15789.000000	15934.000000
12508.000000	18303.000000
18510.000000	21165.000000
11821.000000	20915.000000
5273.000000	18053.000000
18667.000000	10000.000000
14437.000000	8805.000000
13354.000000	4052.000000
15370.000000	21397.000000
9511.000000	14972.000000
19055.000000	21641.000000
14168.000000	6904.000000
19344.000000	13090.000000
18795.000000	14514.000000
15528.000000	9757.000000
8570.000000	6656.000000
17709.000000	11186.000000
17577.000000	9048.000000
18123.000000	9049.000000
13599.000000	19256.000000
15931.000000	13321.000000
19074.000000	11664.000000
13735.000000	19493.000000
10330.000000	14974.000000
9091.000000	20435.000000
6923.000000	11879.000000
14018.000000	13793.000000
15396.000000	7144.000000
18920.000000	20928.000000
7182.000000	19481.000000
16746.000000	15223.000000
11286.000000	14738.000000
14965.000000	18783.000000
16625.000000	6908.000000
8964.000000	15446.000000
11982.000000	7375.000000
10867.000000	19726.000000
13210.000000	8090.000000
8147.000000	14019.000000
9512.000000	14497.000000
16216.000000	6670.000000
15645.000000	20447.000000
9375.000000	14734.000000
17161.000000	12611.000000
8027.000000	5230.000000
8982.000000	5469.000000
11161.000000	8799.000000
14838.000000	13794.000000
10608.000000	12123.000000
19341.000000	14990.000000
14576.000000	7617.000000
7463.000000	14731.000000
12237.000000	17353.000000
8841.000000	8082.000000
5683.000000	17816.000000
6233.000000	15916.000000
4860.000000	20190.000000
12944.000000	4289.000000
6237.000000	13541.000000
16054.000000	20685.000000
9910.000000	20912.000000
5552.000000	14727.000000
8836.000000	10932.000000
16081.000000	5957.000000
17845.000000	11424.000000
7874.000000	14019.000000
14161.000000	10230.000000
13874.000000	17831.000000
9119.000000	5232.000000
9228.000000	20198.000000
13876.000000	16881.000000
19493.000000	6201.000000
14841.000000	11894.000000
13745.000000	13792.000000
14834.000000	15695.000000
13466.000000	17117.000000
18659.000000	14276.000000
13191.000000	18542.000000
19345.000000	12615.000000
8013.000000	12831.000000
12651.000000	15215.000000
10468.000000	14261.000000
13760.000000	5715.000000
13734.000000	19968.000000
18528.000000	11188.000000
5412.000000	16865.000000
18109.000000	16651.000000
19214.000000	9526.000000
11148.000000	15450.000000
17555.000000	20926.000000
11440.000000	5474.000000
15127.000000	4768.000000
5972.000000	9264.000000
14990.000000	5005.000000
8152.000000	11644.000000
11685.000000	20677.000000
17845.000000	11899.000000
7072.000000	4990.000000
10752.000000	8085.000000
19745.000000	18079.000000
9227.000000	20673.000000
7180.000000	20432.000000
10744.000000	12836.000000
18382.000000	16651.000000
19060.000000	19266.000000
18522.000000	14513.000000
18255.000000	11662.000000
15652.000000	16171.000000
19761.000000	9052.000000
10480.000000	7610.000000
11819.000000	21865.000000
8967.000000	14021.000000
14150.000000	16406.000000
10067.000000	9747.000000
19752.000000	13803.000000
19747.000000	16654.000000
19352.000000	8814.000000
16623.000000	7859.000000
15524.000000	11657.000000
10334.000000	12598.000000
12101.000000	17115.000000
12094.000000	20916.000000
9934.000000	7609.000000
19628.000000	6914.000000
12241.000000	15452.000000
18378.000000	18552.000000
7193.000000	13305.000000
10203.000000	9985.000000
16191.000000	20448.000000
13336.000000	13554.000000
11429.000000	11175.000000
14428.000000	14031.000000
7887.000000	6892.000000
19359.000000	5013.000000
12376.000000	16165.000000
15920.000000	19022.000000
8683.000000	19722.000000
5154.000000	8313.000000
19616.000000	13565.000000
9800.000000	6421.000000
10186.000000	19012.000000
15526.000000	10707.000000
16759.000000	8096.000000
10319.000000	21150.000000
19896.000000	9765.000000
7473.000000	9505.000000
17581.000000	6673.000000
13594.000000	21631.000000
8817.000000	20910.000000
8293.000000	9031.000000
5696.000000	10689.000000
8548.000000	19009.000000
11683.000000	21628.000000
13064.000000	13078.000000
6913.000000	17105.000000
10210.000000	6184.000000
17298.000000	11898.000000
17969.000000	18313.000000
7471.000000	10455.000000
8155.000000	9743.000000
18119.000000	10949.000000
10195.000000	14261.000000
7202.000000	8554.000000
4449.000000	20902.000000
6090.000000	19004.000000
6103.000000	12353.000000
19082.000000	7388.000000
6909.000000	19481.000000
8978.000000	7845.000000
13206.000000	9990.000000
13054.000000	18779.000000
16747.000000	14748.000000
16469.000000	17598.000000
5967.000000	12115.000000
16765.000000	5246.000000
8965.000000	14971.000000
7869.000000	16870.000000
16471.000000	16648.000000
15940.000000	8095.000000
12253.000000	8801.000000
14006.000000	20444.000000
8690.000000	15921.000000
6364.000000	18530.000000
14844.000000	10468.000000
9933.000000	8084.000000
16210.000000	9996.000000
5834.000000	9977.000000
17422.000000	18787.000000
7888.000000	6417.000000
18250.000000	14038.000000
4176.000000	20901.000000
17851.000000	8098.000000
18645.000000	21878.000000
10196.000000	13786.000000
10759.000000	4285.000000
16328.000000	20211.000000
7197.000000	11405.000000
13595.000000	21156.000000
19486.000000	10002.000000
15917.000000	20923.000000
15103.000000	18071.000000
11698.000000	13551.000000
5416.000000	14490.000000
11016.000000	13312.000000
11826.000000	18065.000000
14831.000000	17120.000000
10465.000000	15687.000000
12393.000000	6663.000000
8409.000000	20196.000000
16191.000000	19973.000000
16752.000000	11897.000000
12377.000000	15215.000000
8147.000000	14495.000000
11280.000000	18064.000000
12922.000000	16166.000000
11963.000000	17827.000000
11162.000000	7849.000000
10324.000000	18299.000000
7455.000000	19482.000000
6515.000000	10691.000000
7462.000000	15681.000000
10746.000000	11411.000000
10876.000000	14975.000000
12515.000000	14503.000000
8833.000000	12358.000000
8287.000000	12357.000000
10469.000000	13786.000000
11425.000000	13550.000000
8141.000000	17345.000000
11555.000000	17114.000000
17708.000000	12136.000000
9909.000000	21387.000000
18925.000000	18553.000000
19465.000000	21879.000000
6771.000000	20193.000000
13460.000000	20443.000000
19197.000000	19028.000000
14846.000000	9043.000000
15507.000000	21159.000000
17558.000000	19025.000000
9231.000000	18772.000000
8020.000000	9031.000000
14552.000000	20445.000000
7875.000000	13544.000000
15098.000000	20921.000000
8411.000000	19246.000000
15234.000000	21159.000000
14573.000000	9043.000000
18652.000000	18077.000000
17440.000000	9285.000000
6922.000000	12354.000000
19750.000000	15228.000000
18240.000000	19739.000000
16617.000000	11184.000000
6097.000000	15203.000000
14307.000000	5241.000000
14569.000000	11418.000000
17149.000000	18787.000000
13895.000000	6428.000000
13463.000000	19018.000000
15797.000000	11658.000000
17706.000000	13087.000000
5405.000000	20666.000000
7054.000000	14493.000000
10754.000000	7135.000000
12366.000000	21391.000000
16607.000000	16886.000000
11020.000000	10936.000000
17280.000000	21875.000000
10738.000000	15687.000000
13349.000000	6427.000000
16741.000000	18074.000000
8818.000000	20435.000000
6240.000000	11640.000000
19738.000000	21405.000000
7064.000000	9266.000000
16189.000000	21398.000000
16875.000000	19737.000000
15656.000000	14271.000000
15114.000000	11894.000000
18385.000000	14751.000000
14013.000000	16643.000000
12791.000000	13078.000000
11293.000000	10937.000000
10051.000000	18299.000000
19357.000000	5963.000000
4871.000000	14013.000000
15399.000000	5243.000000
19192.000000	21404.000000
15118.000000	9519.000000
18513.000000	19740.000000
5002.000000	17102.000000
5270.000000	19478.000000
17011.000000	19499.000000
16615.000000	12610.000000
10887.000000	9273.000000
6651.000000	10928.000000
17162.000000	11660.000000
14283.000000	18544.000000
8017.000000	10931.000000
15248.000000	13557.000000
11689.000000	18302.000000
12656.000000	12365.000000
11957.000000	21153.000000
5271.000000	19003.000000
6382.000000	9028.000000
9368.000000	18535.000000
10048.000000	19724.000000
10743.000000	13311.000000
5292.000000	7600.000000
6907.000000	20431.000000
16609.000000	15460.000000
8148.000000	13544.000000
8407.000000	21146.000000
17576.000000	9523.000000
19339.000000	15940.000000
10609.000000	11648.000000
14854.000000	4767.000000
6109.000000	9027.000000
14714.000000	6905.000000
11300.000000	7136.000000
9522.000000	8796.000000
8839.000000	9032.000000
8431.000000	8319.000000
19885.000000	15941.000000
12781.000000	18304.000000
5973.000000	8789.000000
9776.000000	19249.000000
17432.000000	13561.000000
6239.000000	12591.000000
5131.000000	21140.000000
8002.000000	19008.000000
7320.000000	18294.000000
8544.000000	20909.000000
16888.000000	12610.000000
18125.000000	8099.000000
11985.000000	5950.000000
12260.000000	5000.000000
16490.000000	6195.000000
17166.000000	9760.000000
17032.000000	8097.000000
14285.000000	17119.000000
10615.000000	8323.000000
5818.000000	18529.000000
10734.000000	18063.000000
11549.000000	20440.000000
10890.000000	7373.000000
15528.000000	9282.000000
10204.000000	9510.000000
6787.000000	11166.000000
11697.000000	14026.000000
4588.000000	19239.000000
5684.000000	17341.000000
17011.000000	19974.000000
6378.000000	10928.000000
14716.000000	5480.000000
18803.000000	10238.000000
15786.000000	17834.000000
8300.000000	5230.000000
11841.000000	9988.000000
7890.000000	5467.000000
10885.000000	10224.000000
7607.000000	11168.000000
11154.000000	12600.000000
11428.000000	11650.000000
11427.000000	12600.000000
17841.000000	13800.000000
9502.000000	19723.000000
16075.000000	8808.000000
14706.000000	11181.000000
4866.000000	16864.000000
16614.000000	13085.000000
5820.000000	17578.000000
13612.000000	12129.000000
15241.000000	16883.000000
11304.000000	5236.000000
7872.000000	15444.000000
12247.000000	12126.000000
19482.000000	12377.000000
18922.000000	19978.000000
11434.000000	8324.000000
14166.000000	7854.000000
19610.000000	16891.000000
9794.000000	9746.000000
11705.000000	9750.000000
12384.000000	11414.000000
6770.000000	20668.000000
14143.000000	20207.000000
13054.000000	18304.000000
7460.000000	16631.000000
8297.000000	6656.000000
9506.000000	17823.000000
5689.000000	14490.000000
10476.000000	9985.000000
11151.000000	14025.000000
7735.000000	15682.000000
6647.000000	13304.000000
6104.000000	11403.000000
18244.000000	17364.000000
18254.000000	12137.000000
19062.000000	17840.000000
17565.000000	15224.000000
11824.000000	19015.000000
19603.000000	20692.000000
17690.000000	21639.000000
16467.000000	18548.000000
5567.000000	6651.000000
10063.000000	11647.000000
6242.000000	10690.000000
11559.000000	14738.000000
16071.000000	11183.000000
7324.000000	16393.000000
10199.000000	11885.000000
5952.000000	20192.000000
9657.000000	9509.000000
11972.000000	13076.000000
16488.000000	7146.000000
17691.000000	21163.000000
16214.000000	7620.000000
17982.000000	11187.000000
14278.000000	21395.000000
15369.000000	21872.000000
13477.000000	11416.000000
9095.000000	18535.000000
17832.000000	19026.000000
14414.000000	21633.000000
5699.000000	9264.000000
15671.000000	5719.000000
13341.000000	10703.000000
9245.000000	11171.000000
8154.000000	10219.000000
10057.000000	14973.000000
8414.000000	17821.000000
13762.000000	4765.000000
6791.000000	9266.000000
11961.000000	19253.000000
7476.000000	8079.000000
13075.000000	6902.000000
15781.000000	20210.000000
7458.000000	17581.000000
14984.000000	8331.000000
18539.000000	5487.000000
17025.000000	12373.000000
18518.000000	16889.000000
15918.000000	19972.000000
8967.000000	13546.000000
14280.000000	19969.000000
10732.000000	19013.000000
8426.000000	11169.000000
12641.000000	20442.000000
18237.000000	21164.000000
10733.000000	18538.000000
14296.000000	11418.000000
13063.000000	13553.000000
19077.000000	9763.000000
19338.000000	16415.000000
11138.000000	21151.000000
11292.000000	11412.000000
12098.000000	18540.000000
5407.000000	19241.000000
7071.000000	5466.000000
13896.000000	5953.000000
18532.000000	9287.000000
11704.000000	10225.000000
19480.000000	13327.000000
18118.000000	11425.000000
11154.000000	12124.000000
10064.000000	11172.000000
20166.000000	11666.000000
12932.000000	10465.000000
8151.000000	12119.000000
8435.000000	5943.000000
13753.000000	9516.000000
19212.000000	10951.000000
19075.000000	10714.000000
19196.000000	19503.000000
5956.000000	17816.000000
7196.000000	11880.000000
15257.000000	8331.000000
19195.000000	19978.000000
6103.000000	11878.000000
18535.000000	7387.000000
18938.000000	11426.000000
8408.000000	20671.000000
9255.000000	5470.000000
12254.000000	8326.000000
13890.000000	9279.000000
10749.000000	9986.000000
7879.000000	11643.000000
13602.000000	17355.000000
14977.000000	12131.000000
17017.000000	16649.000000
14562.000000	15219.000000
18262.000000	7386.000000
16891.000000	10710.000000
14718.000000	4529.000000
16601.000000	19736.000000
5700.000000	8789.000000
17154.000000	16411.000000
15662.000000	10945.000000
14962.000000	20208.000000
13056.000000	17354.000000
9777.000000	18773.000000
9104.000000	13784.000000
19887.000000	14991.000000
6370.000000	15204.000000
13882.000000	13555.000000
7881.000000	10218.000000
6241.000000	11165.000000
15534.000000	6431.000000
15806.000000	6907.000000
7603.000000	13068.000000
17990.000000	6911.000000
16472.000000	15698.000000
12937.000000	7614.000000
12914.000000	20442.000000
16060.000000	17360.000000
11975.000000	11176.000000
9655.000000	10934.000000
17020.000000	14748.000000
7867.000000	17820.000000
5547.000000	17578.000000
19738.000000	21880.000000
11017.000000	12837.000000
8550.000000	17583.000000
19745.000000	17604.000000
10074.000000	5946.000000
14424.000000	15931.000000
18651.000000	19027.000000
7750.000000	7605.000000
8571.000000	6181.000000
18401.000000	6199.000000
8556.000000	14733.000000
15236.000000	19734.000000
11844.000000	8562.000000
16052.000000	21636.000000
4313.000000	20664.000000
17015.000000	17599.000000
7470.000000	11405.000000
15666.000000	8569.000000
13462.000000	19493.000000
12112.000000	10938.000000
18258.000000	9762.000000
14416.000000	20207.000000
13614.000000	10704.000000
9114.000000	8082.000000
20038.000000	7152.000000
15391.000000	9994.000000
13897.000000	5478.000000
7333.000000	11167.000000
14295.000000	11893.000000
6644.000000	14729.000000
13613.000000	11654.000000
17838.000000	15700.000000
5277.000000	15677.000000
14035.000000	4766.000000
16605.000000	17836.000000
18392.000000	11425.000000
13191.000000	18067.000000
5555.000000	13302.000000
15521.000000	13558.000000
11165.000000	6423.000000
6639.000000	17580.000000
15807.000000	6432.000000
18398.000000	7624.000000
16491.000000	5245.000000
14024.000000	10467.000000
17988.000000	7861.000000
11140.000000	20201.000000
11164.000000	6898.000000
6921.000000	12829.000000
14580.000000	5242.000000
8687.000000	17346.000000
6106.000000	10452.000000
8975.000000	9270.000000
20039.000000	6202.000000
14832.000000	16645.000000
19474.000000	16653.000000
6645.000000	14254.000000
17834.000000	17600.000000
11984.000000	6425.000000
7752.000000	6179.000000
16327.000000	20686.000000
4866.000000	16389.000000
18782.000000	21641.000000
6912.000000	17580.000000
16218.000000	5245.000000
17971.000000	17363.000000
18918.000000	21878.000000
12659.000000	10464.000000
20173.000000	7865.000000
7600.000000	14969.000000
9384.000000	9508.000000
12514.000000	15453.000000
17027.000000	10947.000000
16884.000000	14510.000000
10881.000000	12124.000000
18377.000000	19502.000000
8977.000000	8320.000000
15097.000000	21396.000000
12252.000000	9276.000000
16329.000000	19261.000000
8160.000000	7368.000000
5554.000000	13777.000000
15644.000000	20922.000000
19602.000000	21167.000000
15380.000000	15696.000000
14164.000000	8804.000000
16194.000000	18548.000000
14422.000000	16882.000000
16352.000000	6908.000000
18932.000000	14752.000000
18792.000000	16414.000000
6658.000000	7128.000000
10614.000000	8798.000000
19200.000000	17128.000000
9366.000000	19485.000000
8566.000000	9032.000000
16473.000000	15222.000000
14968.000000	17358.000000
16342.000000	12134.000000
19895.000000	10715.000000
5433.000000	5463.000000
18791.000000	16890.000000
19619.000000	12140.000000
14833.000000	16170.000000
17013.000000	18549.000000
14291.000000	13793.000000
20309.000000	8103.000000
6657.000000	7603.000000
16886.000000	13560.000000
8421.000000	13545.000000
9527.000000	6420.000000
19085.000000	5488.000000
14432.000000	11655.000000
8280.000000	16158.000000
9661.000000	7608.000000
15938.000000	9045.000000
7472.000000	9980.000000
16201.000000	14747.000000
18251.000000	13563.000000
17021.000000	14273.000000
10623.000000	4047.000000
16616.000000	11659.000000
13200.000000	13316.000000
12521.000000	11652.000000
19335.000000	18316.000000
18112.000000	14750.000000
12794.000000	11652.000000
12643.000000	19491.000000
12389.000000	9039.000000
16888.000000	12135.000000
19066.000000	15940.000000
19346.000000	12139.000000
14306.000000	5716.000000
13485.000000	6665.000000
14840.000000	12369.000000
8410.000000	19721.000000
14690.000000	19733.000000
19081.000000	7863.000000
10321.000000	19725.000000
18385.000000	15226.000000
17442.000000	7860.000000
17298.000000	12373.000000
12095.000000	20441.000000
11960.000000	19728.000000
16764.000000	5721.000000
9926.000000	11885.000000
6508.000000	14492.000000
16478.000000	12847.000000
12787.000000	14978.000000
5681.000000	18766.000000
10888.000000	8323.000000
15930.000000	13796.000000
12122.000000	5712.000000
16350.000000	7858.000000
8846.000000	5231.000000
8694.000000	14020.000000
12374.000000	17115.000000
15120.000000	8568.000000
11417.000000	17826.000000
10593.000000	20675.000000
11285.000000	15213.000000
9102.000000	14734.000000
14979.000000	11181.000000
17827.000000	21401.000000
18794.000000	15464.000000
5150.000000	10688.000000
10457.000000	20438.000000
6782.000000	14017.000000
18120.000000	10474.000000
10884.000000	10699.000000
17169.000000	7860.000000
16053.000000	21160.000000
10338.000000	10698.000000
19075.000000	11189.000000
17560.000000	18075.000000
18672.000000	7150.000000
10322.000000	19250.000000
9108.000000	11408.000000
9510.000000	15447.000000
8149.000000	13069.000000
8159.000000	7843.000000
11548.000000	20915.000000
15785.000000	18309.000000
15918.000000	20448.000000
11702.000000	11175.000000
15784.000000	18784.000000
17716.000000	7385.000000
17171.000000	6909.000000
12532.000000	5476.000000
6509.000000	14016.000000
9787.000000	13072.000000
5963.000000	14015.000000
5690.000000	14015.000000
13616.000000	9753.000000
20037.000000	7627.000000
6225.000000	20192.000000
15794.000000	13558.000000
15113.000000	12369.000000
12663.000000	8564.000000
8682.000000	20197.000000
14570.000000	10943.000000
6099.000000	14253.000000
13891.000000	8804.000000
13195.000000	16167.000000
15392.000000	9044.000000
14141.000000	21157.000000
19756.000000	11903.000000
8139.000000	18770.000000
12100.000000	17590.000000
12640.000000	20917.000000
17835.000000	17125.000000
6247.000000	7840.000000
13072.000000	8802.000000
14696.000000	16407.000000
5279.000000	14727.000000
9784.000000	14973.000000
7867.000000	18295.000000
8963.000000	15921.000000
19219.000000	6676.000000
17444.000000	6910.000000
12657.000000	11415.000000
9110.000000	10458.000000
13870.000000	20206.000000
13071.000000	9277.000000
10891.000000	6898.000000
13217.000000	4289.000000
12529.000000	6901.000000
9376.000000	14259.000000
17284.000000	19975.000000
6368.000000	16629.000000
5840.000000	6651.000000
13881.000000	14030.000000
15788.000000	16409.000000
11031.000000	5235.000000
7043.000000	20669.000000
16474.000000	14747.000000
11827.000000	17589.000000
13325.000000	19730.000000
13053.000000	19255.000000
9112.000000	9033.000000
12518.000000	13077.000000
7047.000000	18768.000000
12507.000000	18778.000000
5841.000000	6176.000000
5706.000000	5463.000000
17439.000000	9760.000000
8285.000000	13307.000000
9798.000000	7371.000000
12799.000000	8802.000000
18122.000000	9524.000000
5970.000000	10215.000000
14419.000000	18782.000000
6115.000000	5701.000000
6229.000000	17817.000000
13474.000000	12841.000000
9500.000000	21148.000000
12805.000000	5476.000000
20170.000000	9290.000000
9109.000000	10933.000000
5431.000000	6413.000000
14151.000000	15931.000000
15255.000000	9281.000000
11141.000000	19726.000000
17972.000000	16888.000000
17038.000000	5246.000000
11423.000000	14501.000000
11835.000000	13313.000000
5138.000000	17340.000000
13888.000000	10704.000000
5004.000000	15677.000000
8700.000000	10220.000000
9391.000000	5707.000000
17148.000000	19262.000000
14693.000000	18307.000000
5144.000000	14014.000000
19354.000000	7864.000000
10478.000000	8560.000000
7200.000000	9504.000000
16898.000000	6909.000000
18248.000000	14988.000000
9800.000000	5946.000000
13484.000000	7615.000000
19337.000000	16891.000000
13346.000000	8328.000000
15654.000000	15221.000000
11959.000000	20203.000000
14304.000000	7142.000000
15098.000000	20446.000000
18810.000000	6437.000000
17420.000000	20213.000000
12776.000000	21154.000000
6906.000000	20906.000000
5008.000000	13776.000000
17155.000000	15461.000000
12804.000000	5951.000000
11576.000000	5711.000000
13604.000000	16405.000000
7467.000000	12830.000000
5697.000000	10214.000000
10591.000000	21626.000000
19076.000000	10239.000000
13605.000000	15930.000000
11023.000000	9511.000000
15943.000000	6670.000000
18804.000000	9763.000000
4450.000000	19951.000000
15922.000000	18072.000000
11426.000000	13075.000000
19898.000000	8815.000000
19057.000000	20691.000000
14551.000000	20920.000000
18788.000000	18790.000000
15250.000000	12132.000000
8014.000000	12356.000000
14297.000000	10942.000000
18537.000000	6437.000000
10346.000000	6422.000000
16202.000000	14272.000000
17445.000000	6435.000000
18396.000000	9050.000000
17285.000000	19500.000000
11301.000000	6661.000000
10455.000000	21388.000000
5968.000000	11165.000000
7605.000000	12118.000000
6660.000000	6177.000000
12638.000000	21867.000000
5545.000000	18528.000000
10755.000000	6660.000000
13481.000000	9041.000000
18512.000000	20215.000000
12099.000000	18065.000000
16744.000000	16648.000000
5966.000000	12590.000000
11168.000000	4523.000000
15389.000000	10944.000000
11551.000000	19489.000000
19615.000000	14515.000000
10185.000000	19487.000000
19335.000000	17841.000000
8428.000000	9744.000000
6377.000000	11403.000000
15246.000000	14508.000000
9515.000000	12597.000000
12504.000000	20679.000000
20311.000000	7153.000000
9380.000000	11884.000000
14708.000000	9755.000000
14032.000000	6191.000000
11161.000000	8324.000000
19203.000000	15703.000000
7206.000000	6178.000000
10620.000000	5947.000000
5151.000000	10213.000000
16480.000000	11422.000000
10182.000000	21387.000000
17829.000000	20451.000000
6517.000000	9740.000000
11024.000000	8561.000000
19078.000000	9288.000000
10892.000000	6423.000000
5425.000000	9738.000000
7053.000000	14968.000000
16628.000000	5483.000000
17294.000000	14274.000000
14031.000000	7141.000000
9518.000000	11171.000000
8845.000000	5706.000000
6911.000000	18056.000000
15783.000000	19260.000000
13892.000000	8329.000000
13079.000000	5001.000000
12794.000000	11177.000000
13873.000000	18781.000000
12937.000000	8089.000000
10613.000000	9748.000000
18515.000000	18789.000000
16619.000000	10234.000000
8430.000000	8794.000000
17568.000000	13799.000000
7332.000000	12117.000000
15121.000000	8093.000000
6790.000000	9741.000000
11416.000000	18301.000000
6386.000000	6652.000000
16206.000000	11896.000000
8573.000000	5231.000000
19333.000000	19266.000000
14152.000000	15456.000000
14158.000000	12130.000000
7737.000000	14256.000000
10877.000000	14500.000000
19216.000000	8576.000000
12807.000000	4526.000000
12239.000000	16402.000000
9641.000000	18536.000000
15258.000000	7856.000000
14425.000000	15456.000000
15245.000000	14983.000000
6385.000000	7127.000000
7338.000000	8792.000000
16894.000000	9284.000000
16341.000000	13084.000000
8687.000000	17821.000000
16330.000000	18785.000000
7059.000000	12117.000000
15927.000000	15221.000000
18805.000000	9288.000000
10757.000000	5235.000000
13464.000000	18543.000000
18130.000000	5248.000000
13610.000000	13079.000000
12250.000000	10226.000000
8023.000000	7130.000000
15379.000000	16171.000000
5959.000000	16391.000000
5833.000000	10452.000000
11706.000000	9275.000000
12107.000000	13789.000000
8290.000000	10456.000000
14702.000000	13081.000000
9664.000000	5708.000000
6243.000000	10215.000000
11572.000000	7612.000000
13748.000000	12367.000000
10068.000000	8797.000000
13758.000000	7141.000000
14033.000000	5716.000000
10880.000000	13074.000000
12920.000000	17116.000000
10457.000000	19962.000000
6525.000000	5465.000000
15108.000000	15220.000000
16470.000000	17123.000000
5691.000000	13540.000000
8680.000000	21147.000000
5569.000000	5700.000000
13755.000000	8566.000000
16484.000000	9521.000000
9783.000000	15448.000000
18661.000000	13326.000000
17034.000000	7147.000000
18105.000000	18551.000000
5142.000000	14964.000000
17304.000000	9048.000000
12241.000000	14977.000000
18536.000000	6912.000000
19206.000000	13802.000000
15382.000000	14745.000000
10204.000000	9035.000000
15243.000000	15933.000000
6932.000000	6653.000000
12785.000000	16403.000000
9520.000000	9746.000000
20312.000000	6202.000000
9657.000000	9984.000000
11552.000000	18539.000000
6113.000000	6652.000000
9915.000000	18061.000000
19479.000000	13803.000000
17168.000000	8810.000000
17037.000000	5721.000000
15531.000000	7857.000000
6793.000000	8316.000000
13338.000000	12604.000000
19471.000000	18554.000000
12096.000000	19965.000000
15260.000000	6906.000000
7470.000000	10930.000000
17849.000000	9524.000000
15796.000000	12133.000000
6634.000000	20431.000000
14989.000000	5480.000000
7883.000000	9268.000000
9778.000000	18298.000000
9521.000000	9271.000000
20031.000000	10953.000000
11004.000000	19963.000000
5404.000000	21141.000000
14969.000000	16407.000000
12923.000000	15691.000000
14428.000000	13556.000000
17983.000000	10712.000000
8158.000000	8318.000000
11844.000000	8087.000000
17291.000000	15699.000000
13080.000000	4526.000000
9101.000000	15209.000000
18524.000000	13563.000000
7870.000000	16394.000000
14300.000000	9042.000000
8292.000000	9506.000000
17712.000000	9761.000000
17580.000000	7148.000000
6383.000000	8552.000000
15512.000000	18309.000000
10336.000000	11648.000000
5135.000000	18765.000000
13885.000000	12129.000000
4868.000000	15439.000000
16750.000000	13322.000000
17019.000000	15223.000000
7873.000000	14494.000000
14418.000000	19257.000000
14162.000000	9754.000000
8144.000000	15920.000000
10483.000000	6184.000000
17295.000000	13799.000000
9103.000000	14259.000000
17702.000000	14987.000000
15378.000000	17121.000000
8693.000000	14496.000000
19342.000000	14515.000000
19617.000000	13090.000000
15945.000000	5719.000000
19753.000000	13328.000000
19212.000000	10476.000000
9928.000000	10934.000000
8135.000000	20671.000000
15801.000000	9757.000000
8145.000000	15445.000000
8017.000000	10456.000000
12777.000000	20679.000000
11287.000000	14263.000000
11570.000000	9037.000000
8284.000000	13782.000000
19068.000000	14514.000000
6777.000000	16868.000000
8150.000000	12594.000000
5954.000000	18766.000000
14146.000000	18781.000000
16762.000000	6671.000000
6361.000000	20430.000000
17693.000000	20213.000000
17962.000000	22114.000000
17283.000000	20450.000000
12534.000000	4525.000000
6107.000000	9977.000000
16624.000000	7383.000000
14825.000000	20446.000000
18103.000000	19976.000000
13344.000000	9278.000000
11297.000000	8561.000000
11291.000000	11887.000000
6245.000000	9265.000000
14169.000000	5954.000000
6779.000000	15917.000000
7465.000000	13781.000000
17837.000000	16175.000000
15241.000000	17358.000000
9527.000000	5945.000000
10602.000000	15449.000000
11711.000000	6424.000000
11025.000000	8086.000000
15233.000000	21634.000000
6383.000000	8077.000000
14712.000000	7855.000000
20028.000000	12378.000000
18923.000000	19503.000000
8565.000000	9507.000000
12232.000000	20203.000000
13068.000000	10703.000000
18383.000000	16176.000000
13887.000000	11179.000000
19483.000000	11902.000000
10056.000000	15448.000000
6641.000000	16630.000000
7873.000000	14969.000000
14571.000000	10468.000000
11017.000000	12362.000000
13621.000000	6903.000000
11433.000000	9274.000000
15787.000000	17359.000000
5280.000000	14252.000000
18648.000000	20453.000000
13601.000000	18305.000000
11707.000000	8325.000000
7325.000000	15918.000000
16466.000000	19023.000000
11691.000000	17352.000000
9248.000000	9270.000000
12251.000000	9751.000000
14023.000000	11417.000000
9233.000000	17822.000000
7593.000000	18294.000000
7190.000000	14730.000000
10484.000000	5709.000000
